10097
15558
7365
2401
23602
40371
18855
12719
42890
10554
6839
7666
6019
8269
20756
6796
37231
9317
11775
6018
2986
51863
2809
2304
35803
6501
11871
17646
14161
16997
22252
11058
12816
29249
15829
17752
49250
2910
4478
46776
5182
53168
12942
9591
3876
16713
5402
32763
3573
10202
5388
20709
32622
21852
2471
11176
4392
7991
10881
44008
1803
10528
6535
6396
29190
16881
5912
21683
35332
2727
6678
52856
19995
14793
59038
39702
8214
1522
9263
33763
13100
6075
20733
74608
24581
2050
6737
11145
3989
41625
3434
7421
5598
2587
7834
3136
20841
2378
8848
6942
34699
27235
3623
6731
44894
54934
3676
14650
52040
20844
10580
11643
4367
12271
4917
14980
13641
62244
6344
32642
53607
31013
21830
37113
10402
3887
25080
4215
9184
16544
14768
15556
42878
4506
12197
6020
55013
11710
7596
6464
5462
25337
4020
8908
30874
7915
24449
80700
15631
4167
36197
12730
23389
10655
6745
18912
44880
3879
8532
16352
15585
3453
2931
2608
5364
18538
25128
26080
4257
11741
27171
3445
35787
37708
8185
39431
6086
19442
21486
5097
9783
26942
3434
21625
16660
21436
55718
13245
15480
6181
24355
7486
3673
8429
37483
3615
26399
12408
50387
29276
7096
6324
6066
47341
3927
13251
27162
40057
5952
45446
31079
2957
24689
27243
6447
9013
5099
14523
6016
9243
5918
4571
11281
14002
20213
5471
32146
14869
38444
6142
4187
15246
2596
37134
44417
31993
5620
52643
1662
3401
41666
35362
7290
62000
6558
3975
6645
5015
21476
11556
14686
26124
25780
3214
35491
10307
9081
15117
28007
32567
14059
51916
4614
52352
11668
8302
16770
4430
12874
5047
5821
5051
6384
16017
7225
8003
39611
12295
4625
6739
2837
3966
21126
6225
3500
12493
17485
6296
8036
2292
56700
5893
1367
9053
17106
4864
14838
25226
41093
2716
6681
6355
11925
5380
17144
21780
12715
3329
5689
7619
3256
8468
26329
55663
8839
5728
4656
18112
12872
6613
6391
18974
10635
66320
8888
43829
5985
54300
34670
3441
13441
3296
5322
48418
9038
12635
30490
9754
46963
5942
51085
8390
32217
4055
5742
7875
2062
29442
14884
52088
2439
52952
6181
15832
15310
54883
8632
55727
7060
10570
13654
6644
69869
10644
8247
6915
8033
31926
7248
9365
2332
8172
10947
23330
2779
5355
28505
6241
34544
53139
8662
6515
11816
2228
7632
66725
59639
17306
5368
18544
4523
4709
14756
13853
3259
9591
12122
4573
41636
9747
57031
5632
56388
49670
10482
8882
6055
6613
6861
22131
5988
18206
23913
6466
4459
2921
9295
5038
7831
32420
5878
39096
2821
5893
11532
52773
4345
2633
9694
7600
49348
7622
63816
2481
5417
4360
46804
4764
4294
4484
8470
3424
7928
13834
7684
4103
19603
3295
6761
8454
7534
7586
72458
3181
22897
7479
53035
24968
16766
9380
13281
32453
28985
9208
5768
6758
10307
11197
3019
37259
11901
5325
6876
15109
8436
17432
30093
11418
27777
35187
4617
11221
11998
33598
26045
7138
4682
8776
12179
7758
36824
15348
33566
14177
3561
2999
17724
23984
70171
5145
31715
7345
20808
8522
2195
18678
46856
5636
25740
4095
19557
29244
44509
6294
2765
6063
4124
31653
35927
6534
45136
9690
10206
18363
35009
11684
17816
20332
16624
52104
40839
3492
52308
51521
4519
16952
4746
7797
2553
37755
4588
35203
28833
3570
8296
30882
2864
17495
32551
7000
12049
6921
3637
4545
28775
5709
35105
11849
41860
3332
2910
54339
3470
13593
3999
21594
21893
31953
22729
7135
9789
1984
7752
49765
6268
6686
9803
2958
52262
53533
5924
12912
4366
12974
4301
3706
9454
28514
25176
5127
8333
2564
10094
7464
51382
33244
78237
25759
16555
3941
40053
6561
22130
2717
37632
3401
4255
3078
9489
38154
6411
26439
28521
8864
2387
14267
5527
7758
10363
5086
16827
9717
8285
10279
15833
1587
41101
8122
10952
12916
8317
7005
8485
29840
14577
24384
25613
13922
39392
39269
5557
7155
3809
10270
19695
21019
29005
7561
5191
16177
6497
10741
7113
21494
41256
8021
9851
4944
46049
34680
6473
18864
25323
6889
22614
18481
56832
12451
18446
31307
26043
6724
4113
59466
9277
3346
24235
26449
9661
11641
18526
26803
1437
63593
10190
2440
7905
54087
6096
8214
28250
40449
6653
11346
7023
4093
8375
26913
32303
24774
15473
2977
14327
3641
4512
11243
52770
31234
7192
2494
13662
2909
5093
3433
5215
4927
3984
7692
7091
4615
57411
19436
5561
2304
14146
35147
8403
11166
7869
12320
1490
39999
64519
6680
28772
3775
37263
50078
21606
27012
10400
24645
20677
42964
4718
25465
28153
19153
35138
105842
11979
5765
6817
80650
11236
20508
16407
38929
51343
63284
17835
42056
4752
12381
4020
39274
6104
4436
2451
3573
16286
17045
7128
5776
3953
4996
18906
6425
58840
68961
60260
9784
34162
12492
9002
9760
6129
5993
36953
37244
10258
6471
40620
30357
73515
4338
1560
13066
3891
4512
18081
10732
7019
40900
4413
5772
15301
4768
2168
65988
8293
4136
13886
2601
2218
15918
7458
4382
37891
10044
2117
4389
2530
8961
3495
34281
52376
35280
30766
15786
23535
35441
57067
12239
8725
62398
6437
7427
3184
61555
4850
7785
29183
14542
32960
45278
46236
18901
5287
17132
42671
62496
5284
67890
53473
5410
51569
6234
24487
5457
25229
20114
22425
17745
30396
5507
10967
57948
4486
12032
24899
16562
41752
6739
11887
17183
35189
56058
6958
13319
4407
17651
3521
6379
5300
18686
53820
53385
9585
6638
17002
33651
23557
6918
7592
7280
24837
44244
61529
7663
60017
6768
5810
20882
28325
3542
9556
31092
18031
19227
3246
2396
27348
3312
9751
8520
36613
5252
10974
4401
21262
11743
3067
11318
6682
98596
23339
12046
43986
2175
13580
3993
8919
42852
13718
2579
5429
44577
4389
17992
8161
56803
35359
4660
26268
16222
7899
5542
5667
9393
36832
2976
3603
11583
56457
2462
9421
32800
3203
3665
16171
12807
15063
3191
29257
18247
8262
61127
14192
11740
10600
21370
39009
2958
4959
5587
14919
6245
11265
7313
22100
23745
4679
15681
3284
51301
34398
2619
6284
7172
3450
19166
20790
2852
9876
8034
20824
5189
7907
11006
