146395
224739
100831
73625
74503
78280
64244
11838
118985
35105
134095
220142
28726
27078
168764
336046
25736
14964
61248
174635
93261
108060
11289
73862
65529
52610
136775
134052
30890
90985
16965
163251
25380
220657
33542
152138
8545
8784
85906
154122
78292
13246
10282
9982
109722
118836
72410
222710
67166
16236
26798
148520
325992
66070
102672
17246
30437
41976
109043
13504
115260
119987
48979
52890
6098
86928
266218
136671
168037
58682
326561
93506
89590
140792
36254
58816
28519
157322
148965
59200
168122
103557
87126
120123
63709
124222
34732
132365
306514
17431
68438
13733
36247
111702
112942
78724
46174
51261
67027
9675
86334
54427
37073
209985
270397
238960
51108
103014
258187
70782
200735
73347
126255
35720
55034
164706
29831
200391
40809
52008
18169
134574
67537
8738
163904
3156
146720
185994
38030
89673
47193
115879
25649
62475
49844
183642
108241
25907
124394
144303
7798
108570
187948
97591
241343
79166
32795
103891
163811
20540
20298
106979
48177
98391
6314
9875
9469
19404
13680
170380
97331
9782
97758
40601
7597
198191
35810
17971
48436
61160
234218
15472
194195
5825
181441
287473
245460
69608
32086
22111
5396
78109
15998
33617
5373
191995
137457
87227
209890
70644
33758
6318
159067
21211
123829
236661
134084
77404
128313
54327
192227
166392
30784
23577
77395
147985
154193
273858
55589
76835
200459
20434
7115
10854
292050
37088
32390
277467
8519
26213
114400
138851
236354
16977
223705
52192
265996
187816
8959
196306
107361
198695
359463
8149
186928
323763
143436
147529
228032
114817
15235
11167
203492
66190
8831
96207
46803
10160
30207
35682
29419
190151
147274
63880
21318
23779
134339
242857
108284
14970
8322
57917
93661
210870
18387
19125
226548
3573
20882
11501
19485
198486
232011
24711
54214
70020
190320
28400
91773
181067
98926
56165
199305
194022
19284
13329
98956
21678
22200
127871
3710
105366
143408
151740
36038
11003
261539
4307
49063
90166
122599
13322
190265
42076
203396
90014
64114
165036
11155
83428
141322
14280
88114
96448
9682
48535
99283
89893
195296
31563
136877
67093
47112
46494
46751
31303
132869
4829
195811
22650
97606
86355
98817
70740
36286
197648
84123
120295
251438
75443
17692
53448
32489
194075
65262
45241
20798
55954
132485
43153
162026
44890
53446
178017
108671
246567
26422
42234
62746
43817
178199
157678
187493
194141
99850
53136
82278
65913
162683
192217
176061
135905
23080
182888
193926
20481
226314
215669
42796
188476
267894
26773
23519
57840
7448
136416
66996
112575
142331
90556
46368
71222
11485
47284
5280
78050
328716
47516
25390
15615
27524
346728
117363
18675
70376
142431
223994
99580
72769
111983
66917
10270
91926
6922
34667
75342
99517
20269
85350
118818
28739
36279
161570
24234
49992
54834
23631
162918
21597
118985
31437
225455
13857
93099
32527
137668
29555
268526
194411
198529
230661
277170
12100
91663
190565
236748
26569
8559
67823
20386
78474
110736
82306
29339
234662
99085
81640
34952
234086
120572
36193
43364
176583
102230
18668
16931
113741
29347
31997
155046
100730
87450
20156
112054
31452
211131
69189
109399
233817
39292
229567
56755
7740
6853
23912
118884
20663
56069
39758
132368
147780
6439
20255
23827
196431
115610
6404
193100
136929
20940
85138
70743
149908
24188
51360
150527
69901
11143
7093
27442
250515
93798
8552
36677
7303
141129
75613
173635
163543
203764
59177
83894
33343
84512
5419
78186
73386
41550
174947
13905
14154
16124
48759
141151
27022
54455
135624
40758
68424
129341
130285
108974
44093
31219
137870
20127
242543
123282
66095
88945
128574
93399
5416
7697
4731
178040
341801
41543
141916
71893
69459
8423
98056
96332
27348
147166
21997
222811
82018
21001
255512
22659
223351
190188
116019
97718
87771
231138
23309
155134
9885
122788
21899
155732
121043
40865
204010
39256
13569
117058
32965
12454
11182
122373
31509
56528
244909
35634
186068
27582
24602
49281
11458
196513
97320
15581
185501
88497
142961
52277
120012
215438
99178
92062
98782
127696
86650
90591
138977
52115
159094
35007
194517
107581
47323
92117
202375
38108
372643
99995
81995
87039
143130
14815
214170
50319
41781
78696
457059
42543
58268
50969
17046
188740
218821
194654
156191
104401
19555
14244
279993
15883
104506
127633
17528
76293
50710
191550
139322
29413
5746
46948
214287
244469
12031
64266
88426
9907
42743
64457
143735
28074
150487
74353
85008
123177
39171
86176
55430
19738
6645
25418
37257
51468
113177
15059
34791
13782
36117
23819
107967
231505
39790
150462
237497
206097
191001
54355
19767
137948
32282
26474
199642
76378
97407
30460
10478
12396
66210
59114
8998
7950
29234
50703
16248
81788
92219
78850
88074
99286
137378
12605
184350
41514
143251
87129
25223
11263
27110
33826
27909
49553
128885
171732
144246
134806
101450
10273
40591
40062
38160
27403
131648
8476
61846
302409
159291
116033
17576
104588
207725
7799
18951
43375
16654
237989
216132
84101
22813
120867
153194
11192
227277
168705
163018
82306
146286
9574
118475
82086
107497
8237
35228
198739
37566
30748
179722
74825
66446
10615
219230
140380
21187
178104
95728
27653
221595
23834
74454
59277
100349
9624
91454
114756
15015
80264
8800
21072
197361
29174
105769
8620
102940
13698
18995
20836
169574
50340
115592
84935
62873
16672
42276
118082
58704
80264
131479
48658
4751
107399
42229
81995
7712
6393
5292
30696
267323
90303
265467
19926
79100
14450
97083
21533
10151
18175
34872
7892
51144
68853
77196
29608
188025
60451
4199
4526
51843
65044
140518
63313
101865
91672
97977
54179
29668
83451
63751
15984
168354
78080
25900
20205
182464
7654
225703
153946
42688
38532
56219
68597
131553
116980
45431
63276
128573
35476
103522
26160
178809
274421
86026
205777
230005
47479
28418
83260
14592
84636
21057
142818
116986
112700
34437
16271
25135
109576
160313
146797
127179
12278
9488
11374
22854
7753
108252
81139
48407
39570
310308
65469
60444
111678
36556
139471
131703
20730
6304
122090
36430
98192
371708
131641
61474
126763
106254
18091
219534
50177
211533
27902
10378
201866
100391
67082
131470
42823
100780
20053
5702
103714
16445
142387
104547
80674
103728
28773
207808
74266
77174
192936
165126
262877
139615
21978
10846
156114
68776
156516
191200
21282
97266
158427
204045
13486
121737
40289
276577
8510
30093
101503
128074
24614
48221
188141
304414
82373
58258
195426
25689
78295
113687
174925
32544
49933
149404
11954
13031
13363
102012
240829
106511
238737
52850
41381
112817
110722
30662
4289
58847
342141
