210134
318916
277494
310829
384552
213043
38682
209647
197697
277760
466690
562804
131893
200928
65576
303854
396449
468002
124807
286864
536360
215147
146716
143647
124635
233711
258216
682094
212832
522811
79778
123209
13145
51700
27494
493195
12440
164352
192666
289268
205796
148145
96007
339550
198809
234766
54468
127640
88387
165031
140439
287508
545363
202268
290116
222531
382781
219194
101620
311889
497022
244135
244172
148576
248423
327564
180872
464635
538420
75587
301489
356201
248505
332439
386794
127898
111400
90110
158613
427505
146597
252705
364111
341569
342557
568919
198048
207290
135880
259830
266290
139091
385576
7833
217056
101824
112919
250593
63119
489562
209070
318824
311796
171662
152306
213683
233651
104156
603866
395897
188347
118121
382955
216268
515369
43435
10721
369684
463142
556894
295835
337674
173289
147242
219909
68546
170907
280322
232488
295393
280929
45501
131257
180744
457977
373021
243341
251749
250098
213244
141453
178552
379095
560701
564421
207492
209812
475470
395511
187157
402229
229662
265982
205539
173846
237967
161248
583625
140408
173188
333337
325149
335532
100011
360768
465804
508937
475321
70800
559500
7716
497343
161316
311567
313321
140205
250468
234332
397330
251303
129595
172049
216941
404556
236544
108614
230478
118944
755133
172597
246057
106749
376355
307875
201130
456106
573258
208657
357865
395268
525109
459917
393632
70473
431492
515243
251072
372688
165431
213303
223026
353998
103694
436053
459184
156346
128347
346019
561271
217867
238227
303435
344969
474213
340028
253021
351121
162836
199762
509081
335030
155935
211765
496789
28999
180421
276941
396616
493167
107468
343905
233104
103726
285332
272001
105882
109956
213803
378799
152758
107800
442100
236604
374910
130457
316608
428474
302438
179063
302322
206144
298737
421085
204881
228011
10932
128508
301476
260765
384061
460721
436392
137272
163077
260701
461911
308656
453916
75778
308248
208254
304705
64280
10926
187469
399579
287733
394600
203437
198431
16391
258438
204013
270831
396849
194966
108360
360796
201887
372989
339272
244208
62459
35973
149052
309983
158587
330002
197639
81730
127734
167344
165535
246338
427607
28071
378837
42461
453696
328253
253270
67857
220590
189516
398737
340654
392899
305941
316351
614815
491711
283990
375039
182654
135501
838312
287573
298790
6382
28679
275250
407691
454284
330771
259738
146241
194988
388744
157702
364401
444260
193762
515385
279728
211425
140924
481911
3948
528859
196378
307069
241547
187805
405623
338833
387764
370849
313590
423132
129409
82894
360444
603637
763786
335617
319607
216690
244009
434531
409141
254007
29060
170924
228600
9604
334251
198191
305497
407798
77634
266802
179179
254347
96988
139655
145461
126705
355606
73926
397663
279799
214080
623770
565733
197464
395831
131368
362271
307892
521315
149938
452926
405422
386302
146844
420987
472073
259404
107292
563369
118669
75216
251451
128975
402073
275278
225991
372308
248055
248239
192300
435215
343948
181558
74323
200081
409926
518772
401290
191901
235725
162969
287259
308794
448295
539913
170863
574701
378594
387227
273077
277013
319835
79103
434166
224039
616194
333293
554100
121094
157764
352985
205943
179339
278309
245240
258295
281649
78799
526432
277911
93834
452057
489064
226284
230423
304563
533322
166132
168315
380387
374574
201272
24717
274799
328993
367501
278031
134561
280957
237747
249186
395733
189591
401476
217539
307588
178782
280662
720794
301772
106755
444155
114349
185059
82058
333472
191938
351432
534050
129073
199762
27207
366610
90358
259116
295582
206789
376563
189963
325955
183276
383194
11562
373242
222380
127401
189802
136563
84447
296872
350260
197845
30906
380818
96452
285164
413374
572122
26042
372728
317749
402543
266321
391088
353232
227513
347136
409810
445255
604024
331789
111932
383912
350671
239011
373476
70106
292852
340862
330329
237862
361280
203154
113002
176378
345288
186965
461487
372655
343009
319925
151021
106737
282218
152832
189963
384179
9155
125094
84317
119247
253155
284000
92663
165301
209260
24575
19383
274399
112637
373358
194255
175069
299075
255042
37475
314795
25475
66166
274455
202305
635463
200561
15750
61519
209517
278106
197998
127036
123017
477051
110767
188199
117012
497306
402280
208409
80060
229312
621627
77284
233682
180665
308414
432931
452552
437389
92893
229837
376077
285045
405081
164924
83037
736887
340360
75023
31566
95391
390448
231634
199430
296478
246697
216210
131467
89188
148852
389059
17173
398085
66818
277784
259571
134338
117497
51852
452363
51952
424699
172910
6738
153962
107102
496367
221792
108152
747019
127532
362157
49035
231074
382971
372727
211171
158576
61233
341203
238678
272170
329305
164487
215837
151969
218437
344507
385844
84013
644556
155117
391853
435391
115973
34511
147157
474566
135779
153380
161633
39277
528969
399131
288235
267322
301706
97530
93380
281529
195222
308758
305923
233041
289948
237128
432299
370285
181726
332181
465967
692892
515176
349169
372943
403719
352025
168931
657662
38122
76266
38246
198208
615832
124931
102635
30226
323530
210437
20946
319666
175755
132100
361051
380571
236630
476474
208492
247605
249177
177602
344435
153570
287974
364077
309774
391341
105830
311416
215786
110927
238906
119383
443744
67443
245735
216868
125478
356650
188397
374705
76651
278231
248040
290592
228205
52758
256812
396520
199438
129285
415998
503012
197684
187533
121203
39268
390647
110307
273648
100263
314361
122296
88746
189265
245858
171579
118173
27756
96938
268495
166932
416662
430329
112204
232937
317028
713522
278414
83202
282720
302868
190136
416853
47402
396863
382575
44345
138727
282192
132541
712139
258713
381696
169028
88507
234791
295391
196509
273970
85978
496127
174125
230224
53066
425094
127794
374054
319753
154616
549350
584992
312046
381529
498871
454244
515183
179616
87881
59001
251009
31552
51475
167691
279197
398587
197686
69390
93877
52321
172783
409317
263429
102379
211433
505274
262373
441159
437552
270073
751263
293882
212124
669504
126638
268873
141720
534644
62322
104855
478177
394722
170718
221149
435069
180553
484287
204816
261237
89426
432788
545167
38955
125784
286659
331091
196961
509755
38611
214131
250665
91937
434637
281737
64699
581170
571807
285846
386750
322038
167395
104035
270439
308550
279218
542349
183324
176440
530168
402272
455386
243340
126888
398018
379785
90392
147971
376640
178456
131326
332368
246843
588635
239969
272090
265889
122305
154840
115316
62310
273359
377412
276335
137975
197359
484526
387048
277327
251629
53874
240732
443138
189977
340058
98998
87062
301757
214988
356778
130309
103934
357548
368849
359158
383569
222619
542653
307463
174826
225122
446539
72054
41853
189931
596221
384812
551739
290587
265937
39228
159670
168480
350357
242200
388448
333985
385430
473199
22827
122789
135209
231311
220995
385797
111679
260022
127831
427222
91024
115903
422130
