2621
17319
7799
12684
59337
5352
1897
15177
4957
16847
27259
30528
23970
26995
24657
3778
5238
18446
3411
19440
11812
3873
9178
13787
8793
3108
4473
6081
16228
8488
10468
43798
4237
22034
1894
62248
4996
11274
14726
7597
26004
30086
4564
3483
6933
3162
4446
4088
53202
12077
23568
7838
10970
23425
17121
2353
4194
9723
6389
25140
52953
3506
3462
15930
8518
2514
5230
4491
11621
3302
6310
4906
11942
55302
39889
3021
13841
24387
15156
14810
19839
7160
2850
5633
24650
33607
6912
14188
14013
3528
2759
20260
20047
20764
13864
8189
76208
4224
2956
7508
3619
6229
4133
56389
7978
18936
2600
34702
5581
6880
2836
3390
5200
6912
1845
7139
37825
7179
12963
5055
11907
11460
3316
40098
11392
18037
19780
19494
12328
7547
9163
10306
26784
4657
16767
3962
10416
27317
2579
5856
53392
5159
3256
2869
2981
20252
37966
4707
59302
3303
3202
9023
7680
7040
6534
34407
1983
28823
7593
3945
4515
2151
5041
4119
21304
4013
9861
10146
51943
9937
3370
27868
8442
4028
6234
2507
6614
3006
3262
13670
3562
34309
24621
35193
3279
3620
6200
6901
17895
14040
36204
11613
8023
24956
3280
10866
4230
10859
3617
4721
8864
35672
19056
2571
4369
4971
15872
11396
2609
5976
5862
4954
26772
7244
7568
2824
48599
69930
56733
8119
7660
20646
2103
2031
3157
5534
14266
5521
8182
16608
58394
2188
37621
23308
21873
3634
24194
6440
4659
9240
3489
4640
32219
23769
4046
18970
7513
5152
3272
3263
36733
11844
20402
5942
6144
7006
12385
2205
2780
2660
10184
5537
7457
12852
15216
10379
6318
9080
4414
11309
52636
7778
5809
4462
11085
14696
3679
54154
3267
25343
23626
2806
4253
6727
8548
18849
9664
5343
29680
7840
57706
25815
3674
22746
8574
3544
4469
3616
10200
7721
5808
34382
7155
59414
7532
2991
14838
4948
10391
2497
5916
2953
10173
8493
18468
5646
1549
51435
40952
22404
7070
5613
42165
15484
7085
2969
4773
5134
18489
8215
5395
15649
9277
6711
53191
5259
7777
6075
5178
9332
9011
7141
9173
12798
1830
7584
8655
9391
3338
16478
22719
8631
3495
2634
14475
4366
2482
7035
9215
7248
53850
9486
29710
2069
6978
14951
4275
5016
2962
3259
5343
5141
7259
3132
2118
5640
12800
30051
5288
3043
29981
13541
4600
4796
8852
44606
38668
13212
18263
14362
3783
10992
6988
18752
7596
8795
4477
52416
22759
6481
1629
13617
31139
46445
12140
11849
5057
10639
6060
19633
52438
6321
1157
21185
43569
8129
7776
15341
18728
3109
9558
18379
8896
4325
20580
14267
20528
8831
6153
5372
9125
8434
37512
17693
3157
6653
58441
14413
13139
27225
25401
9204
10180
24649
22703
11913
2420
6276
44162
3869
38594
8576
57817
11083
5656
8226
9059
23362
30628
6046
1662
46387
2319
52787
7240
7459
5709
43777
5695
6147
26704
29951
32825
1781
20586
54888
10519
10753
9410
3353
11665
23110
6054
3076
22317
29399
6901
3634
53843
12201
8035
36782
36730
11194
4303
6826
5282
30940
10533
9116
21699
7324
4936
18145
54273
8836
6021
30076
7456
11591
25021
20586
31456
4894
5143
21962
6029
11893
3947
2373
3681
15500
6515
16389
95338
2035
5517
31008
9924
2113
11568
2216
10237
51942
5688
7324
52228
5016
3395
4317
14515
1726
3799
5561
71625
3598
18497
9435
57933
2578
6934
8296
18257
3235
3981
43578
10387
3151
2761
2830
51316
13514
5864
8925
10835
4114
21933
15045
4511
27447
6649
24719
16601
8271
6724
10464
5059
55367
10735
4105
13011
2601
3427
18193
4434
17269
8235
13208
8169
16218
6143
4340
3440
27312
3420
23688
40676
20127
35389
32517
21861
3407
3965
2009
14602
13740
6681
9684
3294
11913
20864
10337
10368
4272
4478
19715
3445
4615
3081
10216
11757
8792
32909
7349
5117
3923
20220
2138
1842
28429
6702
3534
7908
8492
2964
3003
22840
28922
32475
5651
43103
34080
7014
17317
3041
17566
59227
11638
34489
4564
8324
9858
12116
3122
28004
3521
43224
3567
5007
2824
49068
3959
16108
9527
3594
4209
6606
38803
6240
3436
16374
3302
11126
40134
17684
2735
5009
13552
2298
2002
4502
19901
9475
3354
32250
6387
36405
17793
4021
2894
5406
5943
29398
16412
12322
13347
34439
52299
11801
2793
3112
3955
11815
5882
6354
8934
53825
37862
27426
4981
10422
22299
7124
3841
7958
4136
39475
5476
23706
7834
11620
13258
14394
26613
22094
9090
52232
37648
60641
11831
29288
26785
3097
4760
16650
6989
14201
6999
14228
7197
4434
2331
9085
12547
3526
1410
3057
12619
9495
48652
44855
7904
33981
5859
3698
5491
30188
26934
51600
7478
10082
6059
9025
5223
29713
16889
6121
17819
42248
8982
5403
19201
33601
15668
18034
11236
25281
54831
34960
3795
3007
4686
27893
4456
1651
57087
9691
8323
4982
46102
9573
4115
6016
7824
12582
20452
5793
65567
1661
7483
28695
18833
10626
18574
45136
2893
14253
2752
7639
2738
2942
20141
10631
6151
9400
7352
1417
4825
8538
58912
6690
27904
32247
4135
54005
12535
11324
11644
11990
37624
29884
1566
8058
4664
16026
42979
4012
7130
3882
8646
3886
10629
2355
10234
25377
10701
32101
47977
5120
11888
7185
5556
10578
10657
2433
3874
7369
33577
27470
7766
4403
45210
4996
26329
3813
5423
11957
47239
4217
5297
3402
19584
6784
5634
5791
4488
16993
24117
7202
13825
51922
15608
3675
8296
40439
27236
2827
4531
6644
4067
24589
3947
5006
4344
42524
10038
8583
10303
18019
11859
21843
1735
55852
8445
9231
2491
34625
32763
6275
9701
4576
3990
18166
5165
17615
26863
24312
14737
3543
4066
6535
48436
25330
17408
4325
11793
3685
2268
5200
5920
29686
7981
3798
11126
23967
10018
11527
11431
11704
10715
8363
5242
11674
2521
40310
23904
2416
2661
7498
5513
6898
2826
9779
13515
6903
27969
15002
30938
40188
11412
14790
2747
2715
14063
14055
18273
2088
4140
66272
19268
17193
6804
6764
2148
2441
6238
3805
6540
3235
7395
7055
29671
3007
9836
13188
12415
5874
3693
5863
3943
8863
5244
38341
29213
5527
15026
3461
9868
7184
5467
