31668
4569
30626
66199
4241
67738
12934
6191
61972
16837
9844
38351
12080
81498
46129
57695
2327
17031
5271
9254
34338
4185
5758
3998
11328
13597
5218
70957
41536
57211
7182
1814
8880
17569
67931
32178
17700
69657
105860
26378
37195
7072
11215
30224
3302
37322
20720
9110
3914
108593
22880
19878
54474
17431
29484
42061
9484
23950
34280
3387
26550
6064
35738
15682
3128
3903
8781
23571
5053
56585
45562
9953
53715
38578
34222
56327
39151
11621
21428
68085
10721
2474
6096
60028
52298
5198
4533
10708
19172
11477
7192
6578
53786
16910
53212
51396
9145
5167
24801
21745
53782
41381
31386
59802
8448
7913
95997
21023
14844
66146
5154
42561
5227
8404
28835
54743
5475
64228
16299
6589
3841
5707
62979
5245
14333
34064
16371
6583
10794
2775
8801
17542
35137
39938
29965
30994
46703
4022
27355
19787
6832
9349
31362
21881
5849
53871
39884
24908
54193
40837
35977
33488
10421
9140
2975
2967
37207
1833
27177
1327
26838
6443
15907
37832
2645
21791
3395
21607
12550
37555
6113
32204
78620
24244
62209
36241
17351
6952
12824
7560
1809
53262
126788
75024
1331
41781
10919
33030
57864
62439
73438
9905
40290
1398
39686
10821
8706
4249
20478
13944
11516
9186
69342
9890
48587
6715
6444
21537
13169
26094
68937
2619
32817
3678
27779
11603
7481
10459
58350
11798
9746
56509
3082
13505
9850
48572
2391
6034
18000
4821
17243
15510
14918
15914
99555
15436
5595
67079
3984
2519
32689
24685
13686
3254
4916
7528
45939
6001
11407
41243
20899
3790
48095
5207
3971
25496
96961
50877
32173
11750
33095
5466
59458
68725
23173
36181
6549
6282
13055
20564
13600
32181
29730
59355
45181
19676
13081
3546
47907
32951
28583
56521
11599
13142
29183
23562
51919
6083
11852
28841
44390
38322
51886
16494
5812
3979
40098
3576
58811
50769
10690
15544
87835
53723
14851
83110
4813
66651
4380
43137
51160
5623
2960
19703
14903
72490
7467
2898
47352
59811
61567
6914
57379
23529
17060
7020
26249
18161
50497
4286
31127
22608
2033
9068
14317
28193
17572
5342
13586
20356
24047
25354
50687
36103
31055
23052
2479
5096
5755
9958
61067
5696
63479
68879
38323
62353
14591
6059
30689
56152
30511
11274
38425
22463
54397
4914
5718
8347
12665
4342
12950
5418
11736
95145
33209
41196
8176
9699
10811
4112
67151
16872
15989
82051
58647
6353
41392
24074
8608
55516
11747
2429
31132
71010
31853
5190
22412
2640
9539
8490
20512
13138
9199
10103
69137
36374
39490
11098
19494
30092
27117
8569
21430
30237
7091
22979
29422
54721
35950
6274
68714
8020
18741
27315
10235
76162
24277
7377
23137
39221
54470
31607
4211
16417
17710
4898
28206
16599
5401
42557
38769
15889
51619
7313
4824
8245
16658
6220
7320
32907
15165
20731
28594
11945
1330
18804
20858
8138
8369
17824
11148
54711
20408
75391
32043
23543
17791
25186
23125
46030
28495
3533
10705
3268
6322
19277
7719
38351
15600
59292
24293
26392
70620
15511
15685
8883
32503
22514
34376
51870
3348
43207
16410
15694
3025
80503
95844
6702
19030
3867
8156
18747
24436
24129
3118
66322
32975
14415
4812
55735
35519
4983
16395
30235
37578
19472
1788
10574
56990
7309
26117
27821
24414
65477
52926
23164
53703
41895
16441
10614
59617
6724
17139
9053
8997
4176
7396
6067
44918
60244
59464
6474
39551
14271
53651
99422
7991
8221
21562
42211
16914
8566
3834
35347
3897
14432
2862
25444
41166
97006
41942
47857
5144
11831
33544
21228
62477
44443
25319
7835
6590
4098
25474
12599
25865
8991
4591
7432
54086
49056
21434
21986
11818
10087
32054
31277
39471
61097
53282
53282
2420
28966
13980
17830
45444
9798
16880
15964
55424
24863
27387
20124
52090
20348
44678
39867
41825
33143
13372
11995
55472
1973
2479
23413
47276
55046
44191
16603
5919
7734
5252
70505
7313
41175
53742
21166
4710
32372
6360
12095
11705
6284
68597
11959
5636
5175
7614
12514
4498
5850
3061
15784
29061
2888
24070
49182
5006
53008
18266
6879
61013
19114
5333
20997
5315
6733
4868
14965
34749
4318
48684
14065
11263
37247
46453
10756
7557
18597
39238
4246
38506
52770
30777
64133
33749
7178
20466
10371
4085
4593
33156
25376
56357
22533
46201
33929
5815
8758
33783
11608
53984
4122
3802
102443
56890
14541
25615
35390
4601
6791
20689
7641
15361
11600
37724
3542
18721
10609
2452
4028
55880
9032
37971
12827
66422
3586
34156
43301
11401
1443
2833
13208
8765
3748
6707
17437
27262
3721
39949
35368
41112
4082
4902
9066
24270
40714
5865
13944
4458
42970
52309
5441
48182
36396
12837
10803
7704
29026
16616
9660
17650
8894
23962
21114
25949
45961
35924
38505
16349
4652
19777
19087
13476
12815
5476
7880
12640
25675
33922
58009
18687
29529
37675
3466
4437
13899
5925
44321
9823
3536
6162
23289
4024
4025
57836
42636
14091
57888
78114
12527
58793
84806
26830
92594
3730
20826
12138
8642
5652
21234
5157
72058
10529
13894
21786
3391
8239
13927
9578
24427
94166
5345
54608
5085
5817
24916
60437
52430
16660
11480
33220
15951
5281
3419
5876
3957
10932
18104
8143
81027
9277
5786
54062
17465
18523
29037
4264
44893
7012
6295
8760
4986
4686
7444
11760
5066
44553
49481
38935
10777
50493
14724
16048
28577
23391
13135
2483
4948
26348
26721
26203
4657
31488
18683
9690
10505
93721
15882
12363
4901
105164
18539
76535
8739
53969
5082
22551
54138
9340
13355
13806
18623
19816
57451
9691
5001
12895
47449
3278
10902
14513
36969
33907
35912
55026
23550
4500
74520
57143
14368
4838
19626
57576
44601
2230
32791
8013
33934
4958
3583
12498
76980
29440
16883
37458
30657
34649
32360
14371
104270
37023
9539
6936
5858
26612
11695
29312
9382
10525
19870
54196
4852
5136
13823
102143
5741
18200
5389
31104
7778
27837
19850
8105
28525
6952
19925
14595
53679
12272
19145
7876
17122
62403
15427
91489
4621
28143
30756
35924
33912
54710
19177
6565
26761
32021
5195
44627
9946
58239
5450
13302
6063
9639
8382
20210
69825
37315
2239
34831
59951
10998
20550
46694
10943
50896
34487
61677
9403
12834
27874
56014
96076
9743
10623
69325
10066
27214
53077
6883
61097
