426081
655752
193697
273693
314179
805863
268318
288064
154528
470033
596942
520279
392254
440584
538327
291800
134840
578350
401829
201236
647724
420656
530653
637814
506160
105224
244915
584924
308023
231003
147616
324306
309966
327827
238172
743594
376795
712537
99716
302738
590329
390718
262786
307687
32455
296222
534987
400207
397293
272349
568317
492909
769686
234039
260648
429388
264788
166842
750406
207227
107855
522351
325926
348266
682648
245250
269304
129032
274911
516226
652025
312840
518070
297546
440634
331278
437633
463965
123087
314765
295013
184327
157984
348327
416421
131689
612501
202932
535233
541601
339087
385127
363904
314407
488112
268643
693102
390421
548627
339966
313947
453254
291584
354163
559806
650896
489829
226709
376694
330741
221918
280387
321066
275801
507072
158815
544086
293283
321769
613108
359552
242938
163152
482732
432098
541686
407724
95257
507827
358747
660198
365684
91321
73543
449558
371913
290289
236808
514323
301029
529421
324764
662552
255820
173550
275958
171032
217102
372439
409923
453605
693178
426649
339104
232327
532044
211529
302071
152663
409958
216075
406081
163065
438237
480034
450381
634461
348020
519583
179057
219209
588966
627205
386361
120351
283321
763251
218547
153074
132293
923959
186956
415010
373593
494949
410070
603373
251456
402150
205638
337422
413452
316474
341844
592993
673160
467051
719272
199834
434615
171878
279159
221392
416869
201430
277404
624601
334165
159869
355871
405474
313674
360972
269820
501494
437787
356378
164212
298039
306197
527105
293539
446613
577001
380092
432326
310600
325276
402085
539332
455692
616754
233256
447294
286724
203884
284886
343811
502329
429876
277478
329128
561764
367346
508666
103666
330028
498316
213407
502195
418293
338131
282712
234172
477392
92049
266722
322257
379069
362558
157787
272524
392134
449823
77288
203869
139766
405440
301672
137325
370565
411202
451167
255259
657936
322067
74871
272537
345335
735964
350943
333233
96918
441875
578570
410656
343545
526327
263491
452598
113353
308071
457339
477405
301392
453008
391134
532555
312901
530281
239845
280267
528228
382105
485978
99334
511978
377064
286835
542812
209926
437277
183298
392285
387272
286584
597162
425149
449303
256664
372038
469850
4626
278549
374893
405671
383744
519444
262071
234014
265973
314427
296683
408842
310441
331923
511443
365506
439325
208149
358811
397365
311068
140761
254056
627978
450670
65289
715271
105844
292112
396514
152746
580149
369893
390647
571747
453230
574430
415152
283839
260515
77433
252373
448325
470679
413370
336312
127460
369607
169690
301698
227886
704616
192158
362610
368141
342765
372680
357746
555218
492929
326944
318791
406733
262108
220426
476730
630192
232185
235436
135271
514538
338372
261713
594311
693627
104567
445925
708774
549430
270047
279091
45756
443884
290477
245756
590070
560320
428719
310293
170567
416623
523731
264520
246258
329746
491270
677664
188440
605876
666683
581898
714815
570457
495756
650496
298845
474913
324032
667174
580730
519010
256797
371066
619630
490931
582550
734383
254095
432482
294581
265427
358834
137251
289052
134134
349940
232901
370756
775054
490138
488235
335955
301512
400638
361243
313989
483689
368626
595613
299632
277740
208941
351992
144153
349511
63071
611776
666422
421453
427784
180577
230887
256076
319331
421892
520168
174139
357678
299465
545553
539257
580442
674161
428319
574608
216738
349459
225458
332583
533404
374823
508225
294369
284539
152521
473785
497029
320619
180702
658018
587938
350067
178868
632079
75499
632938
620905
456134
304706
505571
409447
335867
416895
259841
540293
453596
378239
713967
414772
257535
655391
210584
439439
454901
386399
443471
664737
203640
340255
590895
361948
347085
158748
612175
816111
372856
489037
303308
368849
230199
237016
507866
349229
367528
278872
294400
182685
471145
213051
349362
416595
154419
547187
302477
388456
238707
229810
209308
659747
283957
313144
689516
405152
498888
259924
519828
335273
322947
391412
462287
550210
471454
390703
80376
335046
350210
623125
348798
278437
954482
164270
262096
213495
293645
520232
541828
436109
436118
411951
216345
538007
252108
157687
365407
213665
516978
89947
470048
395071
181005
436381
215555
179211
427824
440110
531864
276888
307633
139145
91448
465023
722445
682347
124317
360989
302213
531684
301333
770209
586037
188067
197318
363343
501011
431504
720268
265244
342421
120305
302473
534688
517885
478390
397083
188275
752734
341091
581200
481692
317132
206734
108239
800270
321824
541772
657769
450855
483078
245574
441065
203100
164544
836087
325220
580682
141667
150659
413885
293302
428614
233087
250237
224472
264297
261492
232605
399806
605329
650570
603684
451910
430674
257872
348182
343724
520556
249669
648667
214609
322383
121135
414946
213979
289805
332230
397847
409759
189122
303907
331020
408390
274058
381496
321213
272155
132669
407003
423662
718881
243149
274811
416047
393073
569921
519776
361374
611075
537517
194516
212814
448618
787836
557133
726366
408150
389974
638260
574233
91077
451050
238312
298210
554123
173253
225047
490602
516058
300074
611670
471313
617002
301055
538243
149629
380741
251754
366050
418887
422570
192024
484907
302442
566233
396763
571352
399337
691267
362454
193620
416920
91295
209446
516847
344549
623584
337845
82242
458658
446498
464521
303009
286142
193340
223216
782977
336934
700333
546188
101948
237433
315703
535093
163334
143401
478012
617166
176280
585418
631992
158959
609737
317978
160548
132754
677967
520276
297417
303565
624487
667666
269146
280909
429395
318230
367850
531994
273830
649879
288345
424635
138125
378803
521483
288013
307778
375043
333064
515405
199920
469411
505361
567738
686267
320766
214686
843228
353052
284153
322492
439070
329178
620662
369218
179841
527229
240456
589152
193577
520407
496620
430370
391377
451013
166330
259723
284960
215740
438486
260185
294869
417949
537120
231099
393528
783039
213031
339918
218039
248743
329722
319763
539389
252655
407581
248832
174040
670391
334046
385025
728775
340915
306074
199845
493014
203233
334895
249761
405112
268550
511585
370997
578720
559220
599905
279166
6601
531184
111192
430604
208297
566319
469480
590412
165751
497896
272050
326685
574911
459242
283488
357023
74189
448819
315152
342814
427311
279431
189501
420136
424222
537746
542292
670542
420358
446318
600445
700748
262688
340735
516841
381488
157846
552292
353510
304432
288633
609976
249947
406679
161789
580361
304276
431283
457522
407767
142722
430953
545865
254204
599336
204337
353632
423521
574796
234425
358368
472384
113016
499879
410702
373653
126335
229461
399331
402123
742263
286351
434765
329740
459369
153691
210626
198459
282997
568627
536715
124993
397957
386834
640890
412022
308564
445266
565863
494053
270716
373521
276443
360302
448740
205515
133370
471297
215829
575540
463362
420975
482336
325814
373023
219932
144008
463642
307328
453115
277519
462153
72823
585046
503071
297210
639339
719943
418389
271911
140237
284716
366658
