390268
458691
69486
22755
208305
482016
32183
731638
398499
540503
218770
186925
315172
48356
630356
74753
47869
57386
129589
45152
225659
193408
17900
215595
536778
460297
107188
444056
302038
531688
374684
290974
150331
295578
124263
949292
219767
25707
378416
213307
162087
425370
657099
226297
389909
163618
145775
436716
72881
172755
246168
269053
170553
63725
447650
312179
387855
41696
253024
432772
345561
293870
209494
302933
589178
14378
309530
226088
315934
369593
63964
49713
477277
298904
369193
328662
565673
414485
372881
743220
626957
839909
613260
319723
45308
356661
424583
50079
557330
394567
435541
704705
208155
454984
1001149
320079
220010
160226
82615
154946
241878
210705
473249
549329
324724
268894
320182
542874
74059
126856
21962
154439
317977
96189
730538
399982
232630
474728
352578
134737
622843
432727
396041
491884
251055
522912
421956
335125
118097
630142
105154
426299
384065
123087
363672
88895
133549
99502
209228
304079
8236
301129
84490
296898
55946
439824
232196
326624
207265
517883
729041
365961
397994
851865
598267
397147
434623
61108
368890
62767
398230
475848
501265
382567
88362
122400
461729
88115
335319
476549
149931
347188
48189
249389
440541
549548
607510
298146
193512
27912
588802
315864
13793
215563
696275
164553
381431
355228
299370
62660
23380
276441
708040
354913
41274
250764
678310
175219
392473
79358
60898
493069
424421
94849
396694
168324
245872
703774
511104
92821
728119
630531
13528
756953
194500
121700
193871
304215
238815
267486
537559
401137
143849
485144
233327
293059
285052
590000
425733
185049
87909
240993
318152
444193
482258
546045
130533
441139
356848
241741
332239
656749
390887
204002
26347
399765
547869
92218
483771
222513
710586
634586
403725
158142
677037
196496
257461
291450
442394
576140
662391
229238
84464
102212
369030
541127
10040
388886
511742
38471
282381
418396
601135
80128
38308
270811
20633
459839
413221
493801
193812
329624
577409
22059
152079
432995
461727
663002
161209
371270
429400
60881
475592
562252
280805
218582
342862
178038
259142
665710
425575
181855
393089
115074
489596
215930
636930
244500
488037
251184
18214
371971
268612
25121
301162
184517
222664
222915
227442
104859
43549
34703
532898
264536
216953
244607
722500
231584
629097
177856
151977
148332
143430
322441
449567
106595
830636
564732
595974
86008
504620
218223
221647
199977
447180
446216
687390
58239
284498
583621
157952
365663
401930
358633
123003
193037
625732
364696
421092
199741
517900
209314
651996
17725
84772
904490
153113
263822
370282
351268
116624
306800
124579
420322
27569
416870
480697
333161
194482
381874
225825
464412
41906
73515
473755
526239
622054
520639
148810
413439
13419
320491
527980
379285
158897
370921
256116
216609
495440
615545
110427
570998
482793
445179
23978
553807
595278
671699
645468
485419
223490
1039146
430320
63838
853632
208875
290907
609263
621297
268527
352963
249515
406431
324145
236593
39532
9835
527542
398844
530222
266461
528600
522966
158696
7518
352061
179950
280247
58547
192441
48932
205078
363303
961474
253679
761383
506800
143640
598066
107475
578167
256646
66552
260518
752871
108449
10397
439792
392144
45906
508111
1108724
145916
293417
133531
138558
210457
365268
155180
381474
758415
304340
234331
339277
41525
281689
219036
273278
90808
625061
78704
131193
246500
379489
146549
100973
463901
153075
166228
528390
44036
58352
358552
283081
191937
26290
286408
268370
156520
132358
653675
319035
331479
186753
29258
527781
719534
185592
724424
26572
159100
21497
320858
144644
198996
848382
138039
425724
122036
108904
60183
741123
63824
639683
49250
743311
134163
74590
240845
447521
608015
363813
424262
511422
126159
313496
230129
652266
332711
284178
479742
68306
416644
126231
286116
329314
78331
330873
749735
391226
777280
375515
452416
689783
39371
504385
689298
251984
244093
474393
159763
396617
40257
1003257
420975
84011
386182
368556
187297
26430
25096
81786
195080
245128
13869
771450
135321
66585
9253
61572
167698
361978
262055
404619
180988
121819
23358
643099
271317
413062
493063
72058
560415
541933
344657
427750
190723
479309
510623
637907
594123
179611
21370
530954
243834
740532
239852
196854
327352
398188
213254
71087
286956
99306
237218
215698
314860
212201
320799
269201
36677
312072
16640
108151
14854
375172
206863
286151
836042
229221
497290
375070
130087
416052
384258
151833
349933
399162
301087
279311
122391
402848
477390
769007
200524
111371
275739
43568
456360
44088
78023
308781
272983
184024
372561
595366
114629
277478
280511
387242
285601
409140
167608
753857
196429
365537
324321
82559
43351
154379
303028
56673
39120
295033
72801
326310
119160
158771
671057
54006
97864
292582
18288
40024
518934
666929
843708
359128
156694
78183
399825
418711
418012
14868
261023
115335
84587
203677
70694
721637
145830
468931
170431
294245
521925
68873
199204
35655
335115
303058
84142
383500
379163
174315
374574
116542
876631
782720
175678
262391
196757
381914
246157
138977
115968
308725
121202
289047
683051
326713
118926
603166
454643
373795
216512
98297
80065
749366
129576
189722
416061
18975
344534
25524
530756
105433
546449
61676
115269
9583
125896
804967
232021
295738
538542
199703
482977
117408
383316
134447
411497
551519
287989
224403
50427
593898
187463
224762
123261
856084
603979
261941
415882
234628
545332
683833
125795
264155
923782
184072
119706
389968
29270
240584
181534
47480
298688
234292
670909
600087
485676
550600
298704
483833
422161
181013
607839
399985
636691
973662
424771
316846
161669
374553
1096590
297541
68300
45105
426925
22042
147854
9436
183284
120719
645662
430141
576408
239971
885419
275011
69130
579291
318384
38127
38554
92864
406343
285371
747652
327219
247001
103558
98806
163213
569183
128996
86448
550774
204202
48709
269133
15597
499277
358484
34985
565958
171385
443136
308547
74577
370228
196882
127203
13329
386905
479110
240327
265439
165729
559740
280042
331444
381176
480234
562602
531996
501068
249749
300681
54748
387997
529274
83247
63727
452864
299167
447981
385886
64938
172946
552728
9073
234695
13567
631290
10745
204098
76815
25889
1084172
496476
349633
144870
501854
304562
601608
106355
54296
457009
471171
549351
183419
7190
590385
250979
158439
428996
70402
49941
97244
478783
142593
608728
315657
78697
266607
637395
408476
565604
174641
794491
256097
448201
639041
375385
433222
142635
335537
258365
354944
26759
387177
927211
715266
298157
399149
528862
675371
293692
79681
86331
305478
364024
271787
214288
195830
313854
382524
165757
378443
271271
233269
50788
387274
94886
251658
451491
245771
134067
422380
667925
71586
283952
704919
363530
72150
333670
630140
367879
26893
29795
271822
298318
705676
122204
146813
99080
153118
471166
588514
234769
242021
8166
33616
299685
225801
385125
500826
888155
199566
537397
309022
365036
152539
781444
148211
365544
447520
364770
63941
