86647
271159
411358
45547
224065
308520
252542
421925
402254
147838
253718
199763
35130
454832
115641
25102
17559
458032
350125
54070
104974
303855
37264
10583
305455
140324
425681
203259
548105
374100
60177
157717
625857
425229
13215
433790
111660
216293
528116
376011
278691
42297
271892
77685
132512
158463
35940
242556
376355
140125
130952
290195
81839
84708
34150
9906
10396
281662
209940
78671
68275
43173
328861
93397
441241
33093
194695
456966
319480
380377
205699
127554
49876
42490
159093
226531
110645
369247
14596
263165
257289
352982
45937
32626
160382
199130
259145
108301
5950
36747
369667
231763
96374
137097
170503
128441
162848
193472
368014
317704
465389
199567
411735
19701
347056
207232
339218
47767
72636
431043
29804
56784
185799
128978
74409
93833
375208
222601
191714
35512
53020
64354
299855
551440
154920
25619
221507
16288
31503
152130
87612
338989
115803
175484
90795
484059
572351
129041
360506
378828
352267
355279
70033
12403
9373
348384
170170
28462
270004
382527
423620
31066
69354
94274
155850
48172
352507
361833
122344
347341
114709
38411
403221
15048
394827
282559
120902
22264
266799
127276
260600
378348
213128
116699
251212
17161
123480
471959
91968
15748
427149
290869
15369
27612
57627
396761
19638
382919
67630
186322
147573
165636
442002
69736
107189
72886
373095
115106
234249
55237
359780
230650
317041
28749
254636
335454
50900
432783
80338
262636
195352
132179
102892
320095
204410
182087
313706
207695
259477
292401
588712
273165
532187
76609
176497
54966
97586
25927
45821
97294
319434
208035
666908
286214
416276
13113
59535
83827
272754
147839
85886
38342
363797
256244
33558
183210
341022
172644
41610
52727
568276
403837
69691
247354
15189
371360
18838
50038
461321
119065
14707
385868
389797
63523
41183
272593
140695
129229
73351
200450
197556
42966
188856
40015
384201
36628
168154
514051
395614
140916
139053
112850
165410
431541
144160
91050
77973
10205
329267
142532
274515
153565
167039
517412
564890
19993
299567
360816
226890
378284
495052
338817
309325
42028
122768
203818
321613
259599
45817
460807
241617
394945
361625
328117
302929
184011
14532
266101
146090
500222
102535
330158
99074
101498
313538
231453
85772
535268
287351
204451
126489
161322
378952
42641
253888
17157
36224
590418
489125
374046
84225
142278
234763
463520
412079
178287
57469
235296
140341
21525
241351
342425
319004
297416
88541
61223
80423
75422
142452
288942
176987
263080
15801
190293
373545
185163
494084
394197
507792
97957
20534
13167
108053
81293
254119
251821
41896
25028
148657
14113
53614
166801
438554
124950
131826
9799
180697
38761
386604
17193
233992
203188
425872
324976
160901
631703
112406
223531
376831
216838
21198
310305
11648
136543
414132
266609
123250
25341
99298
37394
316441
169089
422560
113265
66055
17800
356613
41299
332209
22428
27744
242123
217541
248944
213618
199740
72581
589752
125498
109898
262393
446173
54603
208747
316157
482663
280205
213059
536181
246901
154000
694116
61744
244967
309700
592948
86205
329862
375027
381250
141083
398212
351312
487389
308936
132068
398417
203446
387740
155266
107772
182446
191373
38535
372031
321946
216251
335607
108742
394638
40179
25667
107308
226847
311085
288820
180276
11797
190630
335689
188913
213268
223412
512663
8173
26513
182083
43437
187575
95642
146585
144522
303344
584612
331094
31008
237844
53636
55589
31773
79780
117575
173165
158645
685616
192873
400827
20888
58719
47066
168691
325347
76197
108880
56931
429262
228838
55852
20745
191136
153898
47041
17481
422295
150293
53011
235035
446895
62510
34630
151519
194145
188842
169864
164772
122822
130596
53990
669759
37399
17289
745061
290453
68119
170614
86890
293439
149050
184472
57556
284890
362794
28999
31656
218185
7633
92686
423180
204836
23801
77563
121814
21814
31682
111246
363868
501756
215813
15609
150817
28789
19493
74828
487135
32493
180417
234913
68166
328322
10635
146503
446915
378515
153871
371290
27499
111514
102400
113426
384300
31969
26454
13433
425170
662546
295639
18467
375239
70999
592725
404993
409743
172404
430371
262453
317227
343847
135858
227074
294952
422109
200579
245619
99390
21413
261840
223218
300903
20373
20375
289775
10381
216553
110255
36345
39873
384585
249245
105406
292793
166603
148611
198798
22227
731489
231856
316951
65029
258031
423624
260805
202453
230892
59101
41496
203915
353907
230873
13821
76393
252152
162064
345876
675365
342370
110893
128462
79931
22137
137701
115916
41830
571549
23648
92335
168022
165478
54004
34615
106394
27220
19690
472880
52881
28920
151352
372038
23004
32905
56713
277575
287363
58134
380513
244202
495452
403273
30950
92230
74249
261927
83111
70941
449693
85481
17769
328889
23264
704392
292160
457977
524394
60622
122369
317176
255265
65709
252761
418834
38530
10437
209185
28793
29967
156093
129039
19032
407560
361941
129761
132731
122459
24116
58722
48602
392619
88164
64133
113196
115157
101579
109042
440028
12894
453114
303641
31322
433595
35293
222296
313153
266613
82982
277810
302660
246266
81203
371631
74697
99989
363320
225669
312742
418946
287550
78817
100608
157429
158298
27306
288468
429096
396993
301019
18926
229709
236135
525712
514723
169307
84103
298436
444876
48833
22850
291450
129736
243960
81667
28338
117356
518448
58417
472642
189761
21946
68964
59880
260105
172074
51411
299352
386881
108847
236039
15237
221362
504708
11307
164961
266993
356217
344660
152708
162143
443644
466749
169560
376222
68436
79631
286963
17451
371987
472105
46530
19177
319575
430015
29625
27321
178258
99798
38256
771093
114736
22258
363782
20659
227454
437904
176500
261435
183755
49719
12025
365522
313898
233065
395673
325126
17906
265273
146934
366936
245650
222315
112813
129021
151444
357489
122687
30053
169262
73495
96072
207849
75065
387201
182928
139344
396728
581560
139936
365949
261444
469218
194031
181799
205598
173602
297440
271378
185218
350360
12495
10094
240506
214009
416515
135921
193309
23393
585232
338094
413392
448587
250144
348563
341152
90365
399267
246943
56681
347860
169510
358008
20132
37424
69641
18789
469757
246704
24590
297687
205011
104896
196114
223160
202473
92479
276036
329271
620840
29637
383902
92629
218027
377234
529014
315241
202365
221804
363936
307378
295874
418385
63460
452566
22656
447827
599556
229277
559620
387444
419169
210687
44500
269506
89019
334973
42976
64964
160528
410119
63899
406998
322831
96849
13974
188287
244992
32566
20133
155105
118537
21043
103603
106881
97561
212261
237002
59991
222511
334900
6382
243743
471324
455981
379822
87603
60726
345286
286036
39108
43992
239776
225547
450467
433548
366864
422003
75522
528763
227803
9461
237545
540401
27912
56784
34111
374973
184182
259846
121298
73370
522669
298384
355420
511502
