16885
108125
7054
58097
125059
5905
111463
14708
12868
6300
15650
12388
11930
31964
30761
7683
79654
27428
6723
76975
7486
98475
83980
106076
20408
12666
15660
42131
5168
39327
21226
19040
10268
16784
3973
87658
13155
2327
38831
102427
25309
72154
41564
58489
12764
30723
16650
4874
23412
10888
15434
4226
56697
9182
104140
46689
10912
25758
18678
56783
96234
63359
14901
19629
14891
56797
11538
10578
7931
30204
14166
7607
139834
112324
7113
18028
41852
34215
69773
7941
75735
86767
31362
5891
14491
23914
219230
9110
14426
50253
41369
17543
75074
64396
25884
9618
12892
49188
19964
60101
17669
13188
16423
127279
136038
103179
29588
58529
22581
144077
132112
83572
20994
96833
24521
87142
21114
12133
14565
10788
14592
97574
24719
11085
34874
9495
5432
51918
100261
65576
50112
56984
94231
12798
65559
47330
275018
8064
7172
32894
111975
48704
57043
39741
11724
51808
22394
98376
5395
60531
7522
4455
4884
11010
13089
14907
68411
11675
11850
11671
17730
5726
5911
42338
26773
155254
13092
78283
74545
29366
77738
9033
8612
13565
42394
78557
8007
43392
10085
12218
62213
3839
116496
106595
4423
19706
97514
109770
97017
7976
136231
25821
110772
104752
11500
46217
129928
10902
23866
142559
58057
98803
52295
32265
18951
6651
19454
100758
49841
57776
186189
59621
44766
14608
44861
43909
30209
12532
5847
62135
38067
18324
63841
94373
16595
14997
12104
50872
6636
53152
16068
25230
82236
24525
39355
16848
13648
8143
14479
52382
8022
67711
73013
12328
116424
13626
19747
121828
69023
54350
80513
74019
121128
23703
4018
154521
48371
45023
19361
18461
119032
3064
40729
41581
21559
9027
237649
11716
7575
24196
26368
56122
3989
22577
16331
35319
118938
9657
21489
205384
14679
39772
137272
58886
26684
14716
28476
69944
26117
11334
58671
84805
14523
20858
87926
92463
100695
29842
6558
86592
3777
19483
35794
9421
20067
4406
74485
23522
121407
9982
55847
14017
18358
13610
23286
130230
15024
235350
8805
77790
4760
11272
11785
44651
19007
7765
67669
27294
20399
10321
171064
24212
195607
31446
9476
126069
100607
19583
32387
13675
6336
117745
126541
15894
40647
12146
8148
22369
86282
13271
44134
24043
21444
44033
69638
10152
71324
63242
17767
19454
90366
15252
59721
6059
104879
18668
14952
52771
49387
63460
11242
20842
33741
52542
39766
24388
72860
26187
10537
75520
192704
38544
13942
23808
12886
82224
38801
50038
7656
9105
15878
29416
32660
32781
10885
31495
34442
7479
101827
23006
15775
42664
7328
54391
34403
6388
20395
18116
70033
16341
81092
12716
35023
7009
5830
21636
8217
14040
104598
93648
13005
16577
143136
35230
93985
13743
36577
21919
28032
332263
4560
4096
99772
66612
150963
96092
162253
126590
38605
55132
351403
31299
216800
77893
54132
27868
5079
39080
9369
192366
31512
26696
30276
35691
31245
21828
48874
7810
49678
92096
109140
18770
17817
94923
105944
41576
122052
8173
19936
62853
29648
54445
34412
58867
49075
16970
40513
74450
18021
27691
37694
67316
52476
16864
26891
81202
11613
13223
8977
6489
163569
14793
21267
106285
75345
53140
141580
103655
18917
77873
16352
149900
16365
31513
49221
19415
68615
5200
43135
30391
164416
174761
7206
75819
86870
33595
200853
16219
29950
57169
8847
38636
70070
82197
43010
43961
37055
134844
72205
10567
12087
77010
83419
37960
55015
27735
37653
9007
8108
49926
17898
61552
8754
63028
13249
17318
73987
11036
43696
11336
29872
18937
10892
128936
31994
96287
205671
17978
54736
13158
20088
11437
96667
68994
101443
17505
118841
64047
4141
57188
12405
19360
30231
12820
16668
83527
19172
15082
11435
13043
94899
62039
12369
20194
37579
4002
126816
20976
32065
48315
29949
9239
63739
29411
92696
18876
13597
7897
70850
11467
6991
28139
14517
153389
37970
129681
4973
37966
9390
5265
14783
7441
7008
5104
18993
79510
101869
130879
51254
16622
71943
5386
122068
9085
12905
154989
18815
127718
7442
128325
34554
40742
11214
49884
49369
18928
20246
19608
15547
57467
26014
25026
21535
73152
15087
69177
9428
85127
42039
102005
25416
53585
13677
45531
55592
10457
109449
19919
15867
73434
11646
43787
4293
34858
54704
79964
91852
27011
100533
119743
115033
117953
189307
12113
20196
37479
168037
8926
25074
22026
49745
72186
23810
56627
24267
13150
9388
113085
45364
94865
39819
10918
193410
52751
84848
17220
28777
47202
24726
39031
22204
20654
143513
72815
12032
25951
30483
10712
40142
60902
21927
14416
25019
24177
188688
10855
105074
32751
34297
191550
17025
87073
47617
32910
72413
30267
65689
2686
36467
54658
62646
15629
128452
212448
14758
5567
32448
10259
7076
82414
55611
30172
167343
11617
21521
27257
40208
12283
128160
18614
62803
25242
83900
6178
59440
4531
74106
219217
34020
44719
7651
9714
22360
40370
52722
45174
59957
5800
17362
22139
33835
49296
66838
64844
37628
36426
41154
18569
46272
62879
29717
9696
13664
9393
54306
12680
270875
78385
92207
18192
25547
16894
6922
15092
8603
7888
213427
52762
27128
29692
11468
8840
34075
28761
45986
23423
26674
12221
29084
14530
26652
6631
9164
44624
7089
79303
131864
16013
31949
60741
11333
9105
15665
50352
9207
7243
11132
5680
12472
136924
39394
13050
12372
24510
69917
10185
122473
20054
49098
105541
16934
11513
25527
151784
227814
140389
48516
10365
75991
5607
4112
52043
18083
39769
5084
13913
74081
81971
93140
21391
93822
21568
22119
16906
5748
10838
28650
173291
8811
82009
11628
6306
52510
112870
10060
7403
23293
85224
63047
15700
168207
4575
65658
94896
12399
75623
37204
4555
14580
4966
66320
83309
44573
4392
18378
23576
214980
13003
31430
41806
97727
43536
15394
9083
21603
44123
8841
141582
12314
11884
160788
7656
78121
47172
17485
18249
12664
47444
46576
8325
40188
21229
64613
105080
32934
14669
5346
182751
9477
26516
97133
13649
156965
14876
78523
115679
12700
19377
52140
88948
22806
27288
46111
12559
36282
15385
5033
15841
86013
11326
5105
4423
85221
24686
5498
36795
21159
200575
13080
114990
102805
4450
9728
77041
55869
12542
59034
23885
26899
85236
68685
15430
9424
14641
57767
40820
16675
23251
21166
40426
16275
40657
7090
37373
63334
96912
100944
55345
83191
72176
21846
8883
6242
28597
29904
12839
4725
82298
41039
96926
