926224
99298
185501
628048
308362
214210
856409
1213934
854942
634684
435678
430488
387557
366651
295880
675489
619928
1012009
715517
609373
560222
1226325
758585
850668
776316
726613
860418
635914
531768
624274
988001
690587
769557
1064345
947209
731665
379180
400848
83806
442001
481548
434120
239396
613718
625506
894436
544343
41683
793722
216845
347922
920143
434933
985180
11705
630278
255655
1066967
474324
863372
387202
759185
317646
460663
524189
209754
762769
556799
275372
253713
1203082
569738
508868
715634
1025843
1285705
814654
243919
41470
436299
1326414
392991
661446
1144016
91992
988816
556785
634408
366385
574533
543836
608525
693302
68560
905991
480962
1147958
172739
373042
586584
464439
458371
682303
916261
473067
695512
811210
857526
555188
335474
658040
376639
601735
1130906
999123
537269
417819
263081
599208
198183
607271
896009
61633
510120
535428
473922
78908
259091
868049
890144
534186
456215
244274
596742
805229
153706
56070
195248
627641
738900
693726
72646
1079485
184524
180191
372095
812139
980350
981248
359225
529806
408927
709954
679526
1201291
1203790
317480
418770
491702
213776
784521
613520
753784
412192
540005
440439
668716
778620
26795
311081
338810
448791
1137621
759612
36469
458859
514679
409120
727650
263821
304760
995636
456146
856421
951559
49951
475527
1335412
588405
504289
640042
532063
820466
491710
231073
553213
421068
98507
899008
1048187
537641
510845
189383
372042
501583
711590
367219
504821
773369
384874
235816
860931
498086
442936
85322
548816
417960
282200
624515
413064
765404
690035
459775
213877
196840
741779
415593
707085
403492
373865
26838
266219
797051
195727
546410
439487
342779
495339
413737
751891
340288
206977
822339
905903
460178
692710
23518
639950
623533
785178
22143
491882
656992
292647
637126
555570
417428
762310
894377
86194
488878
376240
423874
478452
1116807
661112
528610
200972
103799
187503
720562
75614
708832
758523
409130
587996
529973
101202
391358
189526
37440
330721
167166
353683
471557
266634
269452
98282
696542
618651
570339
435792
144174
278647
981326
1282914
514796
875921
573549
196785
125505
522741
585899
1011040
566680
158876
624235
630041
493238
364448
965725
932617
383071
710038
890841
838742
714990
376138
715813
658954
1359975
71521
420703
537117
26507
455824
749144
1150601
640641
191408
471304
249918
647155
134630
519875
718660
428341
454904
761778
1487534
815439
196039
301462
163439
513289
371150
540962
636586
413533
881363
882058
304289
643914
511516
1308660
666689
171193
1025928
1090611
688351
572504
725429
928381
228047
812112
44550
994712
1047385
570370
262378
398749
377002
861181
221966
37264
855489
453130
223186
491234
1385973
383205
401208
712678
637357
385204
754888
1349633
1119354
652759
1094038
382974
714221
710606
695140
394209
12568
654262
250730
377404
561909
129955
744047
413051
1033810
610085
85255
398929
1134427
552869
687495
241137
835949
625366
916635
481695
615460
909878
1358083
280292
954052
286442
566600
603661
542674
808012
435462
341128
663755
102328
577569
331814
754929
39713
580040
224131
576409
1070769
578687
234838
500143
341923
47590
480131
883714
105333
1256183
263609
262600
1027931
746198
598413
187362
694271
717709
255537
461809
316924
726868
359067
536408
228321
508063
446920
593897
372916
424794
631709
1273214
446720
130263
187304
24097
336140
472192
393975
826870
515625
30074
335507
396323
487244
412649
965032
612915
417733
305608
165469
714442
511070
482936
447597
7725
382125
310267
1124487
707245
591965
951786
635856
1035374
143150
513714
698700
140494
344349
909381
457536
1449993
334110
745530
66165
483542
474490
401540
669407
150736
931807
750795
876682
728366
1198604
1482944
996842
671881
963295
472550
563460
497295
165235
805130
68717
366025
103457
465615
797484
178451
1057436
266365
477459
515865
827263
490364
307417
1243403
104177
653539
723489
567365
502721
758797
540675
432361
854603
1076399
944129
549819
480589
451925
806801
622607
774237
91500
572955
353983
479243
166385
321939
976886
1317638
109555
728129
464321
469496
773918
389533
614026
378342
626090
713141
882203
601722
514205
219247
932875
641240
372351
367997
729029
919578
631857
213689
637839
1000044
553433
340048
891680
1532159
581576
390503
389369
347912
604288
915936
750183
802672
533250
60561
338619
177769
440953
1224307
350755
520311
505433
1086212
358231
625528
491430
403603
496592
491950
1043321
125447
19605
316733
931555
575993
1068530
1086683
676477
582468
203588
487292
455018
725813
240077
1001074
142441
173187
539101
302149
399147
837926
291355
355317
114826
259937
212674
204872
895402
755695
1092322
547713
91659
714151
335716
149663
369934
179321
475583
260551
345765
422472
274670
247169
732043
69398
505224
338034
418598
379934
258862
744635
1170170
243926
943283
1250684
433849
243641
755705
124451
374920
1039941
430271
453087
522988
904337
947644
856459
445648
495598
300591
818915
975439
775168
433176
722490
229095
408956
962892
535146
547453
743251
324595
332274
636928
834069
217248
748806
396983
699867
1021341
496017
914736
1365430
109353
294959
1123534
126313
876748
672187
359552
538247
312783
742289
268061
582162
523255
715779
386242
511631
376919
778519
319217
457466
864435
310204
434582
455346
650537
229792
812593
683201
123062
247600
305477
375958
548527
492906
178647
531961
399923
917432
527519
577815
111720
391413
297804
395164
428495
727360
140232
222419
238225
672467
194467
349825
687083
139258
824972
568656
728476
319391
410978
890775
936985
536259
624798
424073
410506
507140
563075
787593
592024
544260
616452
426372
592595
504799
763808
646329
827013
998489
1042641
458763
453188
842852
342060
422863
902597
226162
49507
381672
382347
658228
334971
691161
824989
610945
906302
343939
206703
627582
325501
218245
628256
650992
483325
625490
715882
743972
710088
123804
943629
465157
663057
1254734
262785
684669
960181
652117
301961
561620
41537
879703
18414
325656
748927
210601
121859
20794
318603
784466
781671
1347201
655641
281739
399385
261421
673264
732390
899885
188016
708189
347454
710881
616634
199882
1057410
251019
574442
418705
538442
672597
1104252
405517
486843
233884
336998
446352
15176
752341
943822
975879
484086
957485
931910
394278
718177
591848
544013
588868
770500
536931
816609
579022
789052
614218
256160
9579
514117
90776
540943
887650
400435
351465
440729
729464
253165
502936
743504
576921
293133
640700
225645
726016
162152
763579
228907
19224
298262
571187
413868
934348
958983
123371
796327
875056
780808
557276
514060
404991
299696
825380
1130353
638436
792485
1277992
1213760
854301
1108904
727890
581079
107689
109644
379000
813719
737127
464421
1043489
185573
593179
610617
697555
250752
144509
833114
492567
693605
475982
508836
79642
450614
663003
600168
414835
393440
506827
234201
173395
900474
819703
284886
699277
326652
1184351
186020
455855
960718
530362
1297015
1328979
657651
1057333
767620
29043
259957
728006
322821
1006927
636181
30111
1028832
545727
471437
609207
1018817
1313190
659858
664188
694480
888335
380970
393808
300172
427913
512608
515906
328619
766950
