67727
79556
8864
36490
28898
4985
25291
34270
32386
8809
137263
18424
59832
130585
26954
43812
199493
47459
40794
283480
198343
61928
14725
4459
4820
105791
14074
136513
10604
27094
12663
16998
142596
21594
6365
31666
62533
15760
101676
49393
41642
67839
21944
73709
74753
7896
6806
83494
12815
3590
19170
156178
76428
41032
65117
181357
40111
86857
156758
15923
9792
95478
11174
44697
54340
44509
8802
13256
52123
91252
18409
79385
43423
8750
21806
7520
106011
132676
50516
8223
4304
170233
207286
60423
5380
71856
50024
70346
106061
84353
102558
45960
65860
8800
197172
15692
82114
21136
84469
18718
88140
130070
53344
27444
96521
99867
51619
37125
63465
23217
9996
64130
122007
10582
210950
9786
165526
68789
12977
10158
30522
194414
6978
116376
19789
168713
8688
191438
63973
77547
61842
66624
13070
16341
181960
29774
8941
100617
59974
77417
78891
41497
21570
9807
20706
192074
35359
65475
9639
44757
15667
7222
26266
20619
7982
13484
3418
9723
41294
74020
67112
7145
122744
77406
50293
9073
36068
22538
10638
64984
58823
137732
15382
64383
46457
6583
11500
76524
18791
54456
11149
21197
38051
109052
55749
5780
42986
69031
68249
67155
153071
8984
115066
137887
24506
51534
98361
17713
21093
41497
68964
24586
26642
123258
14505
5140
158731
61918
24655
39550
86892
15077
67471
91276
9564
22331
60517
7526
24607
78860
177032
148359
88095
54976
7040
17598
11472
13274
56456
17883
8649
162386
55244
45283
130537
102405
150146
76044
109814
58013
59649
23334
96520
66498
19575
21457
59928
117031
10413
7904
79301
72709
72516
93078
106387
100163
79443
59490
19282
35297
34654
56604
87589
9647
7883
20943
40153
3671
367758
30254
4548
14138
21204
39283
42516
14707
79587
200290
17234
47017
70617
29720
28532
80634
6574
39293
49821
17526
20257
25251
12268
30695
3264
52213
167018
12426
63950
38808
97198
121352
68295
68416
47494
74986
127289
13057
37296
8457
96825
154434
170472
31696
44073
73284
97259
163435
29673
5630
207570
13003
62233
136652
68813
12317
132928
385176
8762
13568
198112
74959
126010
7886
6820
82772
29803
24582
10683
47709
21232
153570
62704
31569
32778
50692
34234
87998
15494
157099
47910
31592
54350
149343
23431
38853
100777
87723
23233
177157
7323
170724
69843
51653
5941
9891
58478
69329
10351
35679
101311
17547
130771
10991
5059
12814
29530
217369
56297
75871
77616
14322
6376
17366
40286
53485
5195
183367
172319
86461
17369
89825
26367
4089
35865
20855
80501
31188
7706
88472
15187
15863
8878
25847
196868
12927
123086
49353
39226
134914
52961
10270
53150
34370
6188
20364
24075
35073
46089
15811
8622
92522
25551
48148
18938
118163
55950
54404
9002
47481
66561
66046
11129
25277
64535
194663
7689
15114
53995
5897
7619
30396
47828
70615
51627
98926
58461
18940
151305
221464
19714
12242
31318
19775
93876
54276
30464
43189
39123
131845
50976
12887
45247
50872
13876
140604
101900
13437
18124
73892
16073
30510
118914
44587
121838
65664
64349
170484
15336
138844
6378
173876
145481
34760
27323
29525
9306
12480
135665
10602
48881
14876
196671
5754
28456
29424
10200
17856
10014
20981
252728
9285
74722
42910
87176
23243
52517
9167
12930
60903
8265
8914
111582
47775
12214
116621
58747
177680
25472
123172
180897
16694
71597
49743
122554
55164
5792
32536
44270
102148
21469
27556
73710
137193
19264
30035
17215
194341
18865
10325
98393
7887
35976
9116
47570
137603
7016
29507
168578
253524
132671
18730
19110
67830
19051
8833
110143
78406
77513
57561
8989
30800
44819
9244
197093
89595
192858
40898
31240
111475
143686
18618
132974
72704
5397
189722
16403
34141
6411
41094
177096
89232
8712
42354
11364
106967
27069
3653
76293
12490
20957
71410
39653
46659
10976
141507
30090
54110
30767
33868
32464
134172
246807
22996
8178
59533
138302
21735
188327
33353
11002
15538
27004
91644
20067
50223
19576
125583
160265
71544
216468
25740
38331
169150
81149
15312
14423
8553
6506
35836
11937
149182
35176
19747
112231
98542
22553
15149
58123
4360
34590
96336
23637
21059
137031
50103
211268
47573
214429
4217
192903
62610
57458
193669
13179
47553
157201
24642
171211
69740
7115
14039
53755
59306
11787
27631
27480
11402
15955
84948
121283
10931
73731
127437
20295
12611
214195
46500
41327
44457
18573
15781
83595
122899
26330
167946
63826
165430
60840
11600
185917
7859
69950
21482
34870
149184
76030
6257
205673
105336
78806
75501
152062
11955
24124
8394
16142
45080
104638
22614
17833
16231
214768
37631
244177
200468
4862
33381
7331
120038
9488
38240
212097
32516
6342
131221
45684
80414
49532
13756
30190
13176
111558
65121
7745
134232
9421
76778
129753
13321
23989
128786
66887
33023
74439
51755
14223
89430
9027
34928
29495
79172
101748
104453
121866
14236
7608
10054
119415
154702
40962
6375
76865
131181
17034
77801
11762
75420
18801
17457
47522
47529
28006
11397
178944
192146
41733
58097
77818
9407
11457
170939
18226
23998
50836
202243
111723
11285
101507
59887
18128
9053
5056
63555
26606
152321
49700
5776
201188
19158
163282
28429
72229
19418
149751
168220
9427
7300
76555
100694
43142
6581
190195
147261
123432
166050
12962
18961
50290
24348
76307
146435
119127
111955
16877
3413
10166
112934
134161
164452
7753
14498
39361
13347
97130
257121
46886
92353
25395
9995
197791
16851
6060
111202
59760
9233
27717
55497
6155
20615
120899
25269
92524
32225
41003
8614
20957
108790
66908
29872
13377
81761
77831
17873
104056
15851
125696
128887
111887
9545
194968
38678
110071
3781
106137
90278
17387
12072
19071
89838
8273
72488
69701
10412
5005
88941
42571
111581
118929
8268
11149
13734
165566
9675
82772
42211
26024
97372
81384
190781
113653
99458
366685
72621
157695
9111
6542
25128
135797
33594
5888
72634
113600
115317
59418
29453
24647
40521
123985
7158
36398
158775
71669
4916
17562
77988
7473
41261
10678
53655
137030
68924
139277
40990
71974
209983
10832
86031
141832
68279
8207
55155
210956
11969
28737
15203
3749
5405
36705
16153
110398
57328
51971
144187
50242
266807
23129
20538
60030
8167
48597
11341
10817
11272
24381
69559
26281
99122
18663
102404
134389
73213
112561
90169
8050
10479
204504
13440
23641
7808
150070
227173
185797
70695
79323
267911
11227
22495
6918
8548
197837
32793
46707
132408
10843
108833
59917
44127
9772
52144
16281
63286
