19934
36984
41031
116411
57535
37198
96172
21696
99269
7728
21920
54507
59003
21208
27342
64574
60391
55433
63659
17775
52284
5431
62225
40604
46456
90010
24892
125524
38403
30975
65059
107903
16536
59203
91360
4371
33541
28163
56087
8321
131546
51551
9925
26922
9841
4174
36815
4622
48891
16652
6928
6094
30535
15160
24850
36659
69199
106004
42744
44719
30976
7997
138335
54127
117467
13105
22506
102754
56848
10339
5572
13058
30298
17811
49600
24713
8811
34498
67411
20239
69723
58982
48452
1973
10322
18654
69563
85788
16022
46445
7284
34380
57454
43118
69861
44401
71350
49277
108621
66238
19445
32036
45369
96446
31132
89282
95482
105548
50643
59579
58203
14909
3202
32043
76599
62017
13191
34357
11730
33830
56120
23421
7070
42487
100550
38190
78518
55599
54387
36744
46946
19129
14468
34294
106856
51641
37081
26331
7006
30656
53451
51081
66511
45066
82657
41383
83214
29071
65968
12232
59964
28240
2934
54757
63927
63302
3907
42008
104815
81327
3385
11632
7196
25963
59896
91821
23937
17995
21612
69789
5315
4364
29005
103665
20095
18633
34078
52891
11534
12114
93799
35823
83258
49722
46056
86613
95431
53852
42544
34117
37276
34549
77496
31690
29168
25239
74495
100435
41512
64334
6624
5858
42063
28334
60111
54218
59258
55789
5319
11018
32492
105032
4068
7330
16242
21255
30878
13184
9518
38948
12027
6854
52354
4727
36039
3525
4083
6783
18504
18659
13594
36001
27097
3624
20771
66280
36284
29525
54605
69935
11578
49098
43983
44970
52752
75581
16100
41090
6102
40440
46608
11225
51865
63916
78619
25793
75916
38281
5850
36379
9674
30881
37964
63764
29621
2921
41152
8733
7630
12630
77041
82350
56062
15048
29848
59583
55318
6450
31380
81235
4549
52327
10038
31998
16064
28366
44508
71710
59086
32297
8725
108499
57568
11656
38500
91017
42171
79592
8386
98072
33940
92695
23255
89647
55032
7556
45094
68916
40245
11396
38977
5388
55780
3704
30048
33814
32005
19656
26361
77909
53503
28761
33186
26661
34910
68697
90912
54040
8277
61752
55444
74016
163416
87594
30461
77303
14899
27146
40425
38935
41278
24583
79965
7115
101691
79933
8472
107351
33996
37931
70136
59504
33469
38109
58846
58027
78542
4235
1365
86918
36909
38857
3165
93069
48722
53923
54942
42363
28049
54201
11127
6183
9041
5883
14136
45729
27570
42637
3631
48357
4454
8896
11437
43115
18782
87212
76421
24378
32108
52202
14344
14077
25161
80106
53073
54853
51085
21969
4172
36534
30830
28457
9266
8330
12635
121352
38490
94624
6636
104470
7493
8034
35444
6233
9972
109095
27798
69822
83275
38393
2711
12208
33880
39093
70018
29138
61496
66755
79074
55146
12427
32100
32424
82125
115154
2682
51414
11469
34903
135828
25250
69383
80995
15500
30818
27723
60928
44620
40043
46019
11293
98196
10380
62773
57877
16162
28840
27044
88202
47705
60260
31120
54415
89153
63936
37213
37488
17675
30689
9100
61911
23746
55285
105889
3239
20064
27320
79723
33156
32507
15234
71514
35350
6095
37524
35158
22210
61450
53117
5818
90038
11743
23706
29899
81852
70833
6737
77551
49003
22204
11433
43652
100849
37182
71839
15916
7060
46432
77404
22622
26012
45866
34752
24826
2997
18344
55382
21853
16108
15849
54875
48820
4049
11096
21640
49358
33470
22958
49529
54745
79956
34570
41484
10503
100498
125905
58106
5483
55928
36875
9582
11309
17807
26205
16226
44303
139016
16911
59826
52884
12723
3941
26019
17013
48472
29857
10632
39092
7119
2823
12951
55389
55877
12007
14578
22533
29833
6266
4209
64614
24426
40311
15997
3185
17946
44177
75880
3845
53193
57812
10012
107944
52737
3598
27041
15276
46173
71174
25695
34635
106141
14810
62305
78178
36859
64133
74318
85393
3388
63883
11461
14070
54762
15872
30394
8939
28679
14988
47524
94557
94909
68717
71962
28059
30405
34349
103917
28235
22917
55468
49696
68994
61027
7313
31334
45636
57742
53522
14451
16075
7040
33179
8512
62997
60283
20764
57913
62082
53792
52133
25242
42966
91027
7951
10530
7174
29767
112645
29022
83188
41026
54786
32976
65276
89194
76360
37263
55881
60057
3442
39947
60364
45886
85135
44130
117798
2214
9530
5464
13571
27654
30323
67779
57443
71572
10327
94237
20389
56258
16792
61116
22977
12777
82604
45370
80760
16204
80660
75450
31890
99491
4986
56272
33326
10694
36136
6320
73285
2239
6233
41757
137437
9101
27125
14030
106795
42794
105355
63142
37760
6331
17619
54639
21829
77105
60228
8110
4876
38438
41041
54858
53261
5211
19169
98788
106419
69202
109586
28613
93306
26532
91015
32975
79841
27233
27537
2363
54990
11768
15263
4653
21179
24480
61254
83351
10773
58399
11197
52739
3083
6715
51520
4435
16955
2739
65572
37534
4888
41245
83247
109460
2472
6169
34138
11777
81916
103016
27792
32870
32241
48877
62808
27583
23493
40403
84034
119237
53329
66066
3449
23795
4496
27146
35454
127848
57545
9124
21532
6085
54508
39594
72140
84733
96818
38202
69706
33266
119751
34060
30263
36441
2944
47172
67728
41060
8407
7686
26437
12125
40234
32942
39933
3588
12653
43845
13560
55800
21828
51433
70899
51590
9097
48492
30357
101730
58942
8475
32544
57467
56917
103225
4857
66309
43546
29512
25833
31042
6958
103709
75111
54631
27790
5498
77907
89652
25634
17787
51521
14123
53200
48052
60009
63855
13977
128533
7423
21959
65218
13548
154399
64946
15219
28133
7482
41565
5964
20301
5074
75733
29019
55312
80228
67404
3695
16304
18026
23034
51409
7987
45576
12488
41522
20892
34723
7614
24731
45883
29213
30745
8121
4146
46766
40883
59978
68432
50736
32220
38660
13109
45216
12377
41503
62031
37688
6616
42509
53241
15406
31225
51836
75659
34780
83556
51510
72930
19108
7899
2555
11048
6323
70398
67441
40923
28538
7744
58144
61800
52053
50463
52154
70677
8077
57876
55507
53573
13254
92194
75389
44976
29798
17631
84601
27255
2947
29324
21411
27764
111790
40311
14547
5374
26819
32260
17681
51648
95240
30573
6984
2206
77231
40982
50113
5767
43892
52911
57567
5579
122910
6040
23637
79351
51471
75551
39447
7792
33070
46469
93729
69667
105282
12461
2813
30309
51763
60010
56970
55881
83377
35829
56119
11933
142340
18981
61265
30753
9865
52696
59088
6335
20102
