12998
11498
5929
7691
2424
13288
8177
12594
10427
14006
7276
3640
14333
4839
21603
14134
11820
34445
2360
11248
8417
7605
6976
20510
1992
7035
14444
3607
19918
9577
33478
16205
18908
7680
24294
12197
1656
1592
33428
8034
23455
7357
24216
1100
4764
38297
3211
18431
25078
10804
15984
1535
9888
1591
15479
10867
17253
4059
27605
1133
12423
20419
12799
14901
14084
5201
18001
32429
22422
9188
4936
20585
10920
19137
804
19110
7622
6284
6824
19160
24330
15349
10375
3978
8811
18776
18288
2252
15783
17291
15675
14474
13085
11055
12130
9798
20496
1875
18877
14084
1172
1119
9636
12385
1614
20013
19879
24395
16052
7806
4216
5389
1165
2170
16274
1653
24967
8411
2111
21704
8226
9411
29073
11642
13427
15497
7038
14118
10991
6927
3043
22282
17975
20054
9826
911
4875
6546
2023
20170
6590
8998
9270
44861
13513
3983
13372
5682
6320
567
11487
13678
11142
24531
4353
42937
6878
6554
12917
13402
10906
11166
7555
16870
22225
2219
10500
25387
7018
11625
27493
1155
17030
2755
3243
13251
10231
24527
3072
23182
25597
7139
19763
10587
21863
14491
27201
4842
10196
20433
23113
1470
29862
7293
18478
9317
10858
35636
13103
9714
17103
20924
11510
8341
6673
10906
22004
16568
1569
29311
7486
10360
5398
8005
7673
13597
7128
1200
5208
16259
8851
6908
10683
19420
10578
8668
14846
14492
2716
11749
28538
1941
15975
12674
3022
2137
19286
13188
15551
24395
19743
3075
17478
10006
5824
19678
19512
10125
12502
1369
19539
3115
12543
3103
36454
3116
18726
12830
16850
11321
3000
24943
18428
6372
5292
5648
18988
12837
13234
3030
7634
6684
16946
15077
7145
7859
11200
5103
13621
17786
13788
4023
23205
7291
2517
2194
5202
26137
26095
22080
14854
10020
4477
9510
5139
9943
4065
6801
656
4118
9818
1952
7594
22344
27476
10083
32266
10304
17343
26195
10922
7005
8463
26861
20289
17209
5829
6326
17654
11061
25412
5343
15902
16928
1520
2317
9923
32434
18769
9116
17688
11625
12886
5700
12935
6412
14232
13832
7331
13478
7938
13557
10400
27435
2846
37114
26052
22209
3043
2135
11925
15939
11039
19847
5319
793
3748
19297
17294
21114
18991
9955
14234
10485
4495
21767
35984
14917
5634
22064
8414
11661
4588
8337
9177
29297
5639
18829
5411
18346
26536
6652
15088
19372
14426
4132
17481
9475
15218
21441
15345
5049
21791
6401
3999
10149
14524
16284
2242
5815
23217
16104
12831
1273
14731
2798
18276
6096
5459
1647
9786
26428
1232
12682
24970
20241
10694
10073
2345
6381
20580
5155
10092
9143
21676
22601
22370
21706
1281
1428
10381
8777
15804
3234
26473
22076
3353
8031
24892
18610
21926
5076
11039
10628
13254
7273
4328
20299
2065
7970
7446
12566
1552
21392
15130
4239
7225
1508
18829
20966
16978
14343
5304
26160
3957
29150
10498
14193
5945
10989
2122
2236
6366
13693
16030
13831
9917
6187
26544
12287
13356
1056
3346
7354
13582
18076
10126
6245
2714
11653
7642
11230
7252
12964
7578
4315
6716
21343
3307
12210
10168
1968
20229
15645
8418
8897
1325
2307
18523
1656
15470
25111
10271
4370
9659
19246
7459
7832
5301
11060
24159
5460
5130
41863
13172
2982
33159
1861
19755
16554
3092
4410
5001
11296
15470
19689
10778
21805
7468
4979
1071
21422
11871
5821
15215
24424
13738
17312
20403
11967
7998
13776
11047
29274
26954
7276
2866
10517
28645
19912
10214
9844
14283
10359
13640
10491
7075
15478
1712
1869
28682
9402
11909
7422
10166
12330
14282
14180
23861
12650
13449
13788
13161
4824
14951
4975
8756
25741
18945
11081
4163
9733
26285
4257
13708
11981
24436
22078
4467
5302
18097
6850
11630
10845
15024
1283
15117
27022
15217
8422
915
26494
11391
6014
1793
23512
12397
20246
9284
13412
14140
29088
4521
14819
919
7948
567
12327
36909
19222
15599
6911
6669
4351
18198
4007
12797
11918
18346
4413
11238
15907
35115
11375
9545
26756
22763
19476
18537
21144
1224
16085
10325
12036
12650
13793
31743
21108
9769
7418
4775
3068
18669
4648
13713
14092
20859
17101
3648
6834
5069
11845
13944
20003
10729
7266
18475
11687
22534
28836
21958
14640
1291
2283
18365
5809
7355
9783
14179
16434
10788
18500
9730
26168
15695
3159
25698
10306
20773
4044
18049
23373
10292
11529
2688
7984
4918
21977
16337
7537
10814
13968
15659
7710
13594
10758
21395
11536
2732
7056
1007
7613
28193
8042
6419
9274
5253
18679
9751
5186
16299
6124
15377
9774
24408
24592
13750
13419
2884
2017
8617
18739
13657
16278
13512
2468
3579
3267
22126
17718
908
7505
15696
10360
12697
4861
9122
15843
11430
6098
10862
6435
9801
29092
14399
21424
6485
13488
5571
24557
4055
11027
2285
25209
18420
11436
4389
9258
1150
7148
13451
6359
6301
5362
9331
10377
1837
9921
11347
10159
17048
6680
12306
10136
16116
7301
11467
15616
13171
24832
13899
5327
10667
8528
13528
19260
11553
6691
10823
1819
2418
11177
3895
5505
19425
3481
4990
11475
35074
13205
4026
3762
26360
6618
29169
23804
1997
10251
19625
10611
34825
12154
14627
16808
4299
19602
27430
11279
29415
18658
2029
1237
15964
14801
25819
9710
8541
19051
19425
9752
18514
16793
4106
10534
17289
18029
12311
23647
3657
6469
13778
13703
4116
12674
4917
11075
13438
14663
8577
13098
9971
3960
11383
14743
2002
28272
6292
1282
11368
14235
17341
21129
10742
5516
17520
13370
5265
6221
27296
1764
22296
1299
4627
19610
22372
12832
22598
7442
14020
22053
10233
21089
8899
8058
5559
9081
14402
2936
13824
19285
6362
11198
9699
16198
20292
4056
9106
3961
25716
10002
1989
5826
20918
18383
20774
15296
16069
19724
3589
1374
11193
17982
31363
13205
13581
12186
5713
2362
1289
5977
6508
14867
21726
21091
27444
28002
28670
1393
10075
12542
873
9312
34155
13173
11737
15451
12187
16878
19456
9035
7301
15815
21851
17832
16379
16188
18033
7366
7066
748
24724
19584
22140
20493
11152
14336
9423
8129
11067
27064
8939
2943
22208
23520
16115
15680
10368
13406
9003
27141
1507
25082
30292
4323
16984
1458
28807
4834
5209
9954
