141474
95242
100028
34251
102399
170545
43433
72064
97876
76984
43556
16520
31642
80162
127588
70179
31844
34015
68983
4237
83947
58694
81002
41602
93706
66335
45927
34629
66048
20516
21661
59322
44958
21184
40073
107703
41591
106416
59443
94571
134367
88494
69530
78835
68849
102866
95062
64294
124540
40548
74280
33583
47692
61617
60407
87192
73320
68087
34090
54395
32311
117277
32042
71864
71713
85464
64121
146574
91057
100251
33245
56731
97516
84832
86131
93291
74897
79004
48453
64366
18885
34184
88667
73640
90841
50765
80569
70171
35249
86931
139898
68383
17796
50251
10817
103183
40441
111386
78067
71289
102531
65594
116445
85938
27080
57649
40345
20861
151312
65435
46996
65389
115038
134022
81231
58065
109202
54758
111754
35348
105496
72564
48894
78823
10515
96823
73723
123730
30657
52373
17648
118142
80790
31267
57442
70584
98440
48931
76970
95243
121749
99142
14825
122980
43407
121423
59370
53748
65128
94608
82797
89912
90185
84309
90350
56382
69066
56532
29905
82354
90527
77471
60229
42068
59379
93388
32057
65725
72743
114438
91574
65429
26364
135385
35264
62153
34659
32104
57378
21098
62209
120420
129478
112112
57491
81001
84595
80815
66705
137572
37469
46279
95223
62800
36979
55261
57966
41786
101593
95574
69236
68862
35621
79415
84694
51403
31857
104075
86195
39951
52808
40729
43191
19897
79249
120262
89703
78367
60946
102879
24912
90175
36447
27666
76573
102896
20201
64783
83550
90819
62289
96730
136249
36811
74622
17681
85368
35623
59226
50875
77617
54413
25540
104085
59960
45809
79632
39149
64827
132458
27977
129120
44583
44924
32339
126916
79185
31333
30279
150773
54144
93854
47261
132507
95199
106110
89506
38566
158318
70834
87260
58449
42696
110403
92152
90038
43631
56319
47169
121067
91999
149178
101520
95021
48681
149776
81843
53108
64216
75203
94021
42089
66661
20231
50114
42286
62996
73885
22774
119922
91468
65134
22293
18842
64162
50304
115922
97879
105909
34930
24624
89663
27263
119029
95602
76836
43500
9642
36136
41226
42998
86585
75053
58029
56672
25333
101790
96577
80018
53842
105909
36248
92874
69813
50631
52770
18210
114611
33662
21620
102485
58376
54651
128632
62002
89313
78461
83636
25023
67295
59912
55720
109850
59050
102698
54811
145339
57279
80899
66786
88859
50536
114208
84248
64948
24578
41631
49151
112181
81960
40085
61260
24802
54641
36509
61743
34921
87287
43404
96231
63218
48110
99490
31946
98961
120958
68374
43437
41974
110685
80299
96356
70999
47848
65739
51436
64623
33274
26580
2907
96913
43887
92070
53843
71958
31525
54337
111524
133301
67660
49320
41923
56032
75775
30941
30575
160941
72989
93983
80004
25703
109912
21237
62300
44357
43299
86334
83252
98698
46961
125131
81970
70468
68811
16509
107167
61373
84256
24898
116705
67778
62864
71625
49573
73503
90050
85865
96812
38564
55884
91352
85778
88937
60628
33543
75733
71784
28319
22794
93811
38293
43979
106919
86481
27388
53349
44357
37077
109515
51389
33323
36485
95952
73046
35119
44154
108692
61823
26711
89919
66215
36110
41706
63270
52194
33191
54797
179475
156851
141075
131145
78964
62706
49983
73373
90618
103341
20575
77038
17037
19149
50443
53571
81094
132373
116249
52670
70087
59679
83777
78840
88566
69292
53153
74041
17849
127267
49652
107252
27004
138742
50100
58634
80026
35754
102938
39650
116556
69714
79355
106037
153291
78761
72191
49894
124284
31896
67236
54337
110088
75223
100422
35257
105173
91293
146210
74192
15565
36392
85301
74679
56342
14120
76353
96029
54633
65985
34637
79035
90079
35675
36627
94922
40496
113553
68726
28058
57520
104462
10832
57449
63030
66300
57723
81295
107645
98703
53291
45624
115382
131665
74616
97091
39704
92233
110137
79567
86127
51165
109119
45090
45254
48646
52663
61287
61749
12250
53188
71704
24501
29744
70830
136459
156486
40448
90459
33601
51862
59203
24582
114620
65357
13515
109040
51890
74542
164220
65108
98869
100956
52572
11446
51090
87561
127281
64249
53038
17665
115774
106128
91351
79976
69110
125214
48324
85146
27967
71621
56807
81095
26145
54830
42335
44537
62988
100992
124212
76858
32043
136104
98239
85789
55000
110698
96170
76893
39589
60055
40937
68724
55138
93249
49624
130387
45751
30432
24032
79330
63302
35708
72245
83747
40847
38877
80899
38026
68180
83598
73661
42037
109793
49553
102903
63504
144078
103119
65489
38897
82093
66271
96083
55105
70208
111148
78341
72805
54325
97889
86719
67791
55213
78855
45791
45020
64716
38047
43294
33400
25335
55896
81987
19362
57132
90628
35249
35842
80603
43053
75965
72219
113115
18343
41418
113028
69300
83887
79250
82166
92405
114049
59542
118935
40754
95188
79288
72117
42936
32243
39214
62505
128510
116551
59699
53561
44173
85930
43997
22433
36199
53045
103107
66975
122679
52783
78351
48040
93404
97344
49328
13653
56234
97228
33467
65191
74708
120758
54498
154391
74291
44363
83350
71156
73942
54347
64755
77149
67610
66808
72050
115490
99389
33009
90298
59147
47499
55382
115897
61224
61316
54574
48650
135154
24119
67004
91653
46161
96999
63536
102119
81523
107970
124878
126888
73044
51511
71754
107212
84578
13965
69477
105004
103944
72726
93934
117763
68357
43350
43065
88105
59491
140400
20029
103217
78626
75546
74115
114239
60449
84405
107009
102361
39931
61787
41166
72103
59886
33394
87361
26855
45719
70809
45371
138036
69984
62978
16523
75068
82501
60358
88601
65806
47686
35323
52536
47381
60631
151942
57153
97120
80455
54837
46204
66534
56189
89952
45307
71016
47996
75167
45064
90270
126067
204716
67806
68094
41912
68209
52884
49744
906
129438
81090
40436
14051
45101
41352
66727
56106
66795
40182
50849
52941
32639
119047
87561
35707
93052
97659
91904
47481
40815
65563
77353
102184
131111
34177
80428
75700
72107
73623
119879
64016
69004
48477
66604
119100
113761
68742
44543
74442
66503
5818
81275
100402
117882
76846
34959
133447
24570
117062
121053
120439
38908
52948
112135
94032
77189
86361
112895
17881
69070
29050
102395
100847
14877
40210
36472
54012
72673
51236
122839
57271
81757
97431
75535
70366
117601
26229
80434
99185
103632
11991
82645
116534
98817
33243
103281
41813
21478
90405
36394
130072
40207
56700
90154
32734
105171
32860
121309
47062
108753
69136
58671
80313
77818
57841
44036
66573
28572
77588
61352
73045
113538
31485
91632
111762
109801
40458
60481
45097
