955062
1528038
1522245
1952629
2058684
3150716
1914145
1619579
2137749
2918388
4774234
3179320
1654145
1494130
2981612
3301459
2532135
2394301
2044397
3117684
1745912
3238912
3859606
2788728
2797537
4348674
2298656
2607785
2095513
4074004
1786457
2292229
2537316
3163705
725053
2638799
1489182
2076518
2120637
3594457
4489052
3846180
1776377
2972390
1136968
4560086
4538863
3582190
3340670
3093780
893648
3751816
1727536
2359661
2544156
3754988
3450433
1671391
2616214
1672023
1149784
3794060
1005023
3093615
4016461
3127562
2906786
3751584
4020675
1821120
2265795
408442
1118683
2718607
2352081
1409135
4296472
2410565
3994869
3830332
1379657
1881701
2259622
4093915
4618345
1486239
1827527
3704044
3863687
1819668
2502081
1985880
1969224
4506384
2176029
3993738
2694362
887025
2736115
2307860
1590553
3015053
3285281
592691
3669333
2019680
1023153
2245142
1836237
1890896
2209035
3047343
2741754
3835677
1837073
3862932
2172530
2229402
1873062
1394349
3635116
1921139
2619374
2170253
3309662
3323348
2189424
1280428
1143320
1350596
1984125
2755479
1518092
2828793
871908
1886429
1376823
1806849
2720390
2026181
3028515
1293228
2329515
2333385
694346
1463818
2658358
1863668
2804907
1785105
1318651
5179814
1875761
4766477
3575270
2859008
2024993
2752691
3807140
3490286
3821692
1293947
3869704
3227470
3539747
1888398
2041873
2213741
895434
3234915
3216117
2907418
4091004
1868969
3295772
3104858
1675112
2920997
759015
1491241
1609427
3394722
3047791
4760607
1659808
5500781
2880810
4952169
3113487
3085572
2447742
2003527
1190406
3342102
1483389
2406034
2727855
2044684
3553017
5010545
1355076
2496968
2043779
2307734
4532693
4619894
1676833
1140674
2776402
1956316
4433700
3153717
4200944
3398491
3808472
1079359
4060545
2436290
358795
2426998
1943678
3149924
1439155
2137088
1460619
807828
2571730
3084533
2840338
3565717
2163313
2087290
2547024
5924348
541235
3423923
3445811
2166412
1972588
3495933
989223
937764
1927707
2367186
4015001
1903809
1422013
4041601
1743886
4083930
2540033
2497791
2421738
3275412
2194427
5674879
3641280
844317
2882166
3056086
2387736
2452822
2794735
2482253
5157418
4084572
5002524
3193968
3837576
4346248
3540434
6285964
3016083
3598280
2367898
1908401
2563008
2905088
3619428
2986814
2546652
3177707
3181036
2753041
2590163
3001469
2566796
3426965
3519986
2942152
3677911
2389319
1108701
2539486
1665565
4017522
1214592
3932951
913285
854942
808946
1403197
3652079
2505417
2022861
1536346
5037986
1877544
1315326
1112396
2018779
2339764
2270868
1679935
2036320
2265771
2752041
1514885
3218543
3103402
1774025
1208352
1312291
1635713
3082108
651967
2855480
799521
3671785
1685175
1559341
3422059
929768
2241862
2046091
3990652
4012896
2109249
2549705
3382499
2747498
4542565
917072
3049649
3777315
2593924
2875063
2645289
1090920
3188445
2601761
1106521
3683721
736407
2653279
3455196
2617297
3517285
4631048
3783813
4574891
6013047
3974021
3714897
3537614
2733397
1636549
1609360
3615099
2249427
2749903
1448682
3996668
3054533
1559200
799456
1890319
1572417
938860
1864055
2838026
4335113
2387945
1591868
1056444
1471132
2720241
2427585
3308332
2650753
1265484
1952291
2799156
2102954
2245011
1837854
585109
4827772
2006046
1809666
3826041
3731958
2832094
4375916
2262174
2496811
4583603
3257799
1629613
2362136
4932067
3509210
3091705
2974878
2467294
1164041
1406029
1008554
2499579
5416170
1380609
2083560
4535462
902117
2567009
1616801
4812889
1712013
1797336
2985318
2474827
731382
1560840
1381037
5981609
2313276
1542206
1406987
3145323
2402468
2348477
2780879
2909804
3495464
1059583
5998789
3334865
3165977
3204967
3070236
2029592
4106373
1840563
3441327
1843966
1386346
1232961
4740641
1815430
4042918
3756337
3651894
1610425
3767488
2059952
2661289
921342
3469034
2954876
3478409
1631758
2507634
712978
4714902
2595919
4347009
1782535
1886841
1384209
7016428
1547355
3763293
4241891
707068
2541537
2744166
3722995
1904856
1673208
3171034
2455440
2948716
1875818
2697034
3129548
2152101
2796450
4629803
3506440
4578257
3226396
2462020
1515824
976668
2433761
2168421
2106278
1441184
1560514
1816946
5275392
3607034
2512801
3323627
2844084
2730949
1212654
4245206
3412704
1973164
2880865
6658036
1853023
2210557
1833785
1420081
3038438
5644295
3176686
2583393
3792907
1014699
1921733
1678645
2315953
3725721
767440
1634243
3258872
2756001
4598474
2748170
1849623
1743392
2845384
2181332
3329899
2530715
5018875
1129985
1103443
2437562
1424444
2373626
2658955
1993996
1274542
1245673
3301491
4091695
1948116
1202055
3294989
587297
3792622
2607206
2566090
2720666
2069446
2602867
2239098
4994205
3460049
2353378
699683
1923796
2771220
1917810
2480162
2210298
2526340
3783318
2007119
418564
1567243
2878724
3458044
3738994
1619693
514786
997170
1959739
5993179
1391269
1558403
2091949
1587987
3355857
3775939
2355100
1320620
3910647
1935492
3784802
4201024
2071196
1425244
3587968
2724699
2546531
2578479
1327826
2690797
1039813
3035113
1561103
1200639
3780685
973731
3012027
3061585
2384948
1259714
1362124
1113220
4145825
1959820
2364345
1543784
2482769
1178457
4850738
2959275
3397128
3023859
3916409
3372013
2535199
2046941
1306298
2214958
521559
2460148
1946766
5249391
2396043
1267106
3996439
3770933
2861233
1081438
2258275
3906753
6856487
2425330
2993733
3300852
722681
2393839
3419136
1770131
2887166
843277
1076419
3873638
2750054
1311302
4568374
3863471
4199254
5279053
1955601
1260413
1829377
4495322
1166807
2814846
1273664
3350874
1699085
3098320
1800588
1473449
3252169
999936
1856453
3249031
2794458
2335917
1921111
3640384
5040753
1634928
1846322
1631207
961634
1462314
4343648
2441890
4642722
3438628
1631864
3344763
1775163
3541892
3018247
4400001
3632642
2952223
2072809
2021911
2643333
2228316
3180178
2779861
1091914
3778340
3378543
1675193
1575734
2694492
1944517
1434538
3649076
2509258
1233466
408769
3578268
1141697
2236101
3282967
3196064
2392026
1602252
2887212
2610616
1482358
2600122
2317997
4021755
3652141
1200175
3426627
3389330
2449334
1821749
2843748
3360960
5242133
2833347
5346309
980825
2614209
1737528
2936900
2802416
3057651
6483110
5056150
4052251
937482
1537085
1204209
3463041
686928
5167858
1980032
1072502
5365714
3850369
4624224
2762017
2201003
1614870
2048516
2015982
3104243
2923218
1172786
2818455
4116588
2300136
3792047
2735532
3638288
1992066
1821017
2642252
2434175
3003764
2270937
3839810
1380322
2054069
2927349
2062043
2647802
3309117
3806380
3836870
2371799
3927311
2089468
2528052
1434606
3624293
2269754
3110925
3291530
2871968
1447359
1558104
1295458
2268556
4497710
1778796
3081656
2369022
4172032
2221685
2248450
4028551
4080169
2378286
2378887
3565450
876389
1791565
2868608
3836425
2595834
2877675
1839959
3386143
2241788
3446856
2891146
2571514
1372613
2819210
2680393
1638153
3870317
4497495
1753191
2252255
3123363
4497606
2299599
2192408
3569653
3412947
4331805
2718884
1421824
3713506
1637550
2581031
2731686
2778289
2659669
2977484
4553616
3024433
4130847
2075181
2862046
2826601
3108109
4479630
2225771
2022120
1672286
1936113
2937004
2928809
2437002
3195590
873614
2111220
1902168
3041472
2582130
2466309
2176394
2443796
2948245
1274676
1809840
3091100
3043398
4313961
2759147
1324383
3156268
2250217
1907120
3084463
2393381
1985568
3590894
2927593
2774088
2213152
3170076
4317549
2602642
4331954
2054478
3646312
3828008
2535766
2867734
3656048
2616295
2191669
1922652
2071049
6356011
1963431
2096052
4274566
3684458
2103704
2465317
3057389
1211841
3151983
2976710
4447231
3411990
2520684
3762313
3670368
2475209
1556527
1147908
1480770
3984175
2373412
3602825
2900537
3533103
4284521
1330724
1521327
4922545
2487020
759004
3733451
1632491
677238
2679694
3555383
3021554
2804475
2478329
3991093
2553216
2477419
419116
2168351
1645132
1646625
3354535
6667110
3229597
3460307
4319964
3000668
3493587
1846841
2119854
3074892
2748901
2957091
1469971
2838219
1460256
3295040
5327363
814332
2646554
1251593
2697546
4104913
3726055
2635887
3589416
1867177
3676294
3121868
1093614
2090675
3416752
1247359
2521381
2408711
3200546
2472318
