120817
12440
258194
384617
108482
65346
10455
27736
71100
200046
65812
97145
122339
31586
278637
361218
102165
219915
53170
58399
113668
384683
14095
157182
168604
70477
146803
372098
108281
44876
87340
253744
257875
30510
133682
13606
56500
55527
239707
15742
45731
165675
11522
61926
98921
325831
12981
102843
172668
94790
168242
67630
171405
15550
87643
13215
207847
74151
384564
118494
5831
88109
165383
322869
66033
31346
109303
215641
57679
462584
18616
28613
44684
54436
128501
16539
22981
164165
30724
24574
50617
81326
368687
63213
68464
123909
100479
10281
61526
10826
20250
80880
32514
210888
12144
172754
96323
44979
191386
368865
223873
46340
77213
27123
207500
228174
34596
133790
105199
14675
18774
138821
102797
49114
65997
166864
15280
49209
82651
58374
11369
95198
182747
107314
203657
147616
353653
11824
178892
46385
25455
295073
262423
270778
133201
85007
79575
328375
175228
12722
8383
12848
30817
62852
24994
162086
25967
158369
40257
179274
87699
374032
59122
360436
52955
400196
62490
102212
12646
96696
423221
14658
25614
132152
57789
48886
66905
34952
5968
38456
84464
323920
24894
28063
59493
35950
227187
88200
41757
368838
129012
150204
91362
21366
104109
53024
32867
43852
6116
10608
198869
210359
49270
73985
93460
97595
176591
28217
19141
34514
242227
68358
35183
76587
7944
91727
50361
22769
38451
28890
45039
48394
17288
141850
189516
162034
393074
172602
211766
22476
22042
228616
79941
166843
40782
47238
130552
415882
315814
19187
13021
61365
5134
28314
106901
16886
19177
102119
44564
282735
200208
122551
119099
41151
65811
17044
42408
75847
105167
166677
279180
103708
25290
114485
31500
53076
16603
11521
70361
72355
154673
71853
223134
270048
113459
103027
164253
245868
151006
22905
32708
85129
38185
10973
21527
257960
79804
70986
92884
223584
79890
22861
107987
210017
169969
60372
123991
180644
68042
174593
222600
363920
265180
156258
193811
44817
73115
25586
44706
219988
108855
48911
9422
35026
9507
14557
156313
12089
131717
257517
10908
30618
15547
31978
26545
53474
71876
13405
136412
12619
13434
142942
27674
78330
101284
212024
110400
15121
39888
37399
224316
13015
79879
151722
31591
258652
51495
172670
18138
274980
239879
21071
128909
136012
26212
38860
128345
176962
53695
43367
225212
114552
200986
8078
24214
244295
44210
62765
139331
114535
16526
46669
59625
218301
210256
137434
137715
95380
285910
18447
209561
75274
41240
116312
92537
105119
380742
81891
19275
232459
135578
152786
271702
240002
24117
44002
133092
66630
30649
198174
53061
16086
277908
18804
13057
81187
10049
39127
144546
255909
106604
72026
69282
55677
18786
24242
12529
39554
101107
124931
67416
60961
42871
264621
10454
158707
55975
183581
181880
94304
11365
35296
43534
394496
297138
51502
59340
46900
269896
68010
87530
224870
57561
154612
73932
23678
86724
141965
24951
6383
256178
42379
19253
97830
83476
215917
20765
215447
36300
49264
43263
15402
246230
146453
70130
46608
132708
91767
86004
136638
34922
305099
48058
67682
180948
287507
234302
384763
15430
8144
230483
61441
120322
229933
21837
13841
114291
91105
54682
41734
17262
83296
30327
94076
17152
104429
421684
35188
98573
158470
147278
182277
62559
141878
84243
286147
18668
196848
100986
261834
12142
23901
14208
128060
174748
59927
37602
307557
95997
181990
16953
28791
249011
87614
49518
238455
33675
125764
16522
81514
37433
90494
51725
240511
16839
413864
13268
9855
200069
55548
72294
298478
49268
100937
158210
137369
30532
120456
184086
32119
261182
99162
153470
83449
181371
93606
104071
16695
191884
17184
117929
29864
33476
520206
119627
102023
50505
19132
70075
20017
318903
23427
47566
20505
11905
30933
417540
389340
84867
139192
16528
59059
25395
35419
61468
241074
39953
146990
240555
328510
26530
25696
30215
15113
12421
194814
13604
39654
227808
23208
37843
75422
102856
144739
330266
51048
10092
138978
41421
16185
12411
104960
73381
45178
213857
163367
58679
184014
159188
58147
12005
67035
233371
131927
133324
63248
32810
223086
46148
9347
26853
90891
168163
160426
63880
275217
96691
216834
14106
191221
18083
71370
345089
389162
9149
152343
22126
58400
25325
91020
157620
257667
84574
85102
43549
31032
92843
130685
39863
216183
86073
25273
103203
8792
5298
167869
22510
111376
27644
100314
36540
205852
22492
43409
76391
169735
34738
209796
93786
49736
51611
40703
16598
31247
140462
118709
10428
81338
15473
34991
60938
77784
23012
104652
15882
95057
20502
35809
258024
40168
385905
237377
35113
28006
22796
17394
176858
94855
14587
114695
49353
152217
166389
113107
198559
21260
71947
78348
131868
21340
63761
11614
140989
41999
108688
107352
35003
81886
228301
56024
17341
64840
208602
143059
169620
56243
156678
136288
232248
99453
15381
84396
115492
46753
208334
42864
155830
13782
92170
347073
121899
9616
141397
160646
78276
47987
128560
7924
53087
23596
60732
52530
206455
46853
54563
149297
47908
33841
382130
80685
265800
266897
61044
255973
102562
14323
15318
57694
323701
10392
230874
116598
13407
246170
106892
66946
406708
11222
46236
58098
36693
63735
126738
45694
299303
240249
61270
112818
26532
75911
78273
68832
32087
137655
33260
377554
189234
66299
120827
23114
40853
55209
46696
24776
41140
67176
175200
59146
45470
305698
114568
35627
53536
45880
87357
57953
33324
201991
171999
25005
123098
268759
120794
47447
82400
14737
47252
78232
52001
79903
22209
198721
131884
78360
196709
221111
100111
120649
191927
50252
18639
46299
188604
424217
128069
27634
121544
62648
26912
107618
284804
50422
146772
28042
32094
26636
191412
86616
372793
20170
123369
166501
108162
6631
120847
253193
166693
185882
348657
178182
233944
161192
64756
32477
132781
21644
142241
152174
138586
90530
81936
12208
13134
32319
14339
185683
266716
47453
154056
136936
301934
19141
69215
261109
274573
58847
18842
25268
11554
151290
19586
130694
54405
79195
123587
354399
16208
6434
128164
38212
133903
307117
49385
53627
43380
14594
30216
15334
18252
149114
299914
45904
48716
37628
129288
74560
68088
166709
189260
73451
293370
54620
30503
178753
139625
65300
18189
123287
130425
71016
42548
4553
129360
343709
113952
13710
97878
45274
156935
263386
131631
137075
367593
59528
179054
36327
20031
32911
49311
42293
165919
47756
59446
35166
178824
193812
63197
14875
64193
134810
65535
28762
33925
369811
137577
86606
33073
377089
8016
55437
34564
127086
104552
78663
332951
46611
309692
105235
129065
272844
86875
27090
162699
39462
123471
24106
35524
35013
63035
157386
