53178
98286
29952
174686
127181
32003
411285
342020
13046
146788
24982
225041
198794
434465
77730
190065
350454
259796
10790
287972
33093
15502
43596
53169
198212
102769
372362
142407
156062
153835
47214
169594
378331
214463
300220
188905
235181
359838
22474
102062
146166
87600
258253
233613
173153
110944
105834
136999
78495
12639
50085
15025
105872
92897
356215
180199
450797
136977
35786
77583
11897
38023
120752
112208
414550
7808
202424
341155
35439
111133
119982
428468
96881
9622
26525
385945
171962
244922
11895
171550
41109
349803
8712
23784
14303
238112
187658
29017
52778
438506
74175
47396
159922
22249
91747
276254
24265
59177
135969
191000
187849
10268
75129
115995
35796
241308
271811
48184
264922
286484
72892
12838
421512
258150
113070
24929
29122
20353
125402
491849
42197
185697
162940
86887
19748
176016
89488
533436
373458
103323
13624
158635
80042
115902
80161
34388
301682
9626
140288
293163
384252
263401
212782
14262
16622
34231
51832
395541
99312
129633
114586
149851
54349
24860
88830
155505
159221
99939
122519
369277
31106
135517
233742
165010
155513
141109
140262
27622
24922
22166
78879
40336
67441
161659
170870
18937
55162
233163
53707
18702
266830
427767
324544
67567
177480
19898
102213
58573
378018
466277
263617
52466
54830
41678
216845
42707
18947
114649
231224
350287
330596
139566
34681
106010
118726
23245
7850
177608
288963
11650
174022
71378
24815
237179
98606
64752
247562
122944
154143
17733
175369
422960
125626
72770
184428
405935
260141
52422
95125
134868
156400
195437
420766
149091
265466
235097
88444
11683
11968
213457
218340
12496
56673
52078
90183
527107
185802
137223
13335
32714
338060
228133
105544
112812
139585
225804
11250
26574
27896
179046
146031
66512
18568
288726
8600
136256
38232
184530
224203
287679
6155
280791
761399
19015
13360
98327
11573
11401
44817
239593
322926
250330
51704
43204
88243
382993
441026
111916
84796
88794
16209
20491
199295
22644
248839
217695
42964
88175
91840
69328
69633
13149
127885
660593
179234
157182
47234
15845
401011
150658
131401
234456
85395
53390
326491
36284
126244
12288
10530
211688
26014
47984
42372
30920
49558
163397
280524
28610
30595
137221
265912
20771
113590
226458
193244
131450
212479
291983
20731
366750
210566
315060
59496
242390
66981
204071
224369
183569
31837
270664
30624
13103
28197
50484
22093
430587
130719
35660
104975
275436
86729
344319
105737
242870
330854
164068
543666
63414
155455
10716
103858
71300
218943
244631
370261
546140
312247
407162
451799
24519
9888
68824
128725
28579
33635
8782
192104
75630
510584
30737
162875
174905
91244
395632
14369
53927
110778
14085
18412
80670
380262
7007
241094
493594
332183
56330
306662
315462
78686
74286
29079
207302
224685
87102
231840
113189
152388
112588
349664
14312
44549
32737
17775
69101
245777
409123
87908
46060
64059
85834
94347
67376
339597
110354
211136
85448
142213
220270
207359
342633
61152
144010
267798
115311
341810
80477
22545
22167
163238
132155
24744
162639
235709
37578
292166
24222
184966
298877
125448
9417
178737
75678
653806
69037
120860
43693
99268
365236
425183
34021
31794
150826
308952
227183
259846
519158
199309
320558
257762
216949
220962
35260
34964
154476
172088
14069
30137
84577
11192
312413
47698
31456
64290
103080
65679
205677
110215
155476
369018
336033
48576
230533
107352
80958
58907
71754
147257
157056
82792
15942
93493
97690
288143
213726
104932
36646
87007
221288
168013
24071
149398
313875
74379
139207
93174
42190
72459
45531
61885
190844
331913
60358
136943
63731
219645
142107
127285
258403
122185
381849
30049
39235
329382
434717
22144
116661
13368
403467
398243
167181
225362
26725
27985
57228
525409
246003
526645
278038
17785
119952
137568
87368
58566
116510
266959
126870
135080
19410
130978
94468
67026
153810
29138
403191
204021
300752
255331
567484
90090
92126
154787
42176
50142
107088
198520
270579
181363
5584
167118
333406
29257
161672
115243
186121
17522
106944
204663
45639
275380
58771
265380
55980
20464
28276
55554
25209
41079
228185
18536
44892
48610
151265
258327
20010
24075
200917
148372
256057
290163
24695
21470
419355
27437
124924
162840
149557
110360
20679
22894
288503
212149
277537
63205
244961
20860
10208
111431
10810
85088
234016
65755
247084
123794
71448
108067
137828
57640
302052
500941
57839
26694
230604
22753
27033
103778
86548
70233
277536
58538
12325
54273
187394
171942
88710
359924
76025
57910
126714
24907
23003
105939
107020
201795
181121
33568
246182
168550
410841
30336
198270
5919
94971
102843
147330
212294
92288
71641
31202
315774
39650
30416
34194
188133
294850
25893
44394
42939
32603
54561
52938
126978
77807
141878
175991
429847
26318
14087
24302
125694
325889
141159
44046
304651
38981
52176
39012
225006
8209
228070
30263
40746
112555
117586
34719
52661
106418
63723
195370
219420
400798
386890
45123
76954
411828
23198
232277
268186
83306
405638
36207
41788
53447
471974
226708
140961
121120
91561
198107
16189
276579
101547
46018
28331
75821
150181
22924
189698
101499
18998
128972
35024
41169
123298
368794
24412
31975
247996
132448
238118
39598
33259
30427
89968
113168
192444
304986
37545
15528
92555
85095
370111
145073
161020
361604
188006
65407
169510
199309
108836
7304
95530
281491
130312
71615
238698
111171
141124
478685
183800
53088
467285
66055
114588
66294
201277
60871
145137
73400
65654
131194
65156
399942
23016
178248
121257
190047
369273
59895
280062
184032
242966
16574
160898
12240
18958
94126
333484
82526
200122
51548
96783
187569
91242
28783
286381
144349
34349
44804
30459
192349
396500
408017
70546
363800
31607
12466
359896
355031
215334
10935
67484
26691
85201
140080
296475
27012
133865
30475
132786
86574
248722
194145
97334
272680
124844
117828
11755
306739
230767
124430
208500
279345
172460
390982
118400
56916
36943
220616
26667
16596
56172
432762
250448
273639
209578
293036
30675
64400
16315
98944
45874
407816
175298
200793
73763
25408
63686
413572
43788
345487
118103
128996
21427
210791
391538
139919
52124
112707
84623
13298
159740
385969
347160
36430
161932
136224
7683
47609
269449
32614
177348
89062
492239
18884
207807
143168
166585
488119
169331
44572
64472
145144
500175
211429
279180
450697
28773
321071
22347
313050
13563
132738
237396
76468
430452
32448
117797
278259
193011
226414
90185
23113
9605
136599
40465
9010
62800
131848
60441
185548
178753
88435
124919
47693
13152
16540
170032
131786
136140
245249
22966
91597
34975
210827
167910
49578
80437
186189
148549
12359
208263
83199
221002
265424
271969
57415
10632
24066
253618
21169
66250
57541
17765
19022
135692
306008
349824
35797
15120
404906
