1998
1404
10836
9850
1160
4728
1426
5507
1598
1432
1455
6204
4380
1553
2544
8835
897
2312
2498
1773
10772
1010
744
1489
4093
2177
14847
3708
1668
2822
1913
1052
1598
10490
861
2057
4403
982
1687
3670
1831
5236
1184
3838
9545
12656
826
1709
1709
1011
5054
5640
1087
9077
10724
803
2322
3154
1094
10715
6349
9125
2430
1218
9525
2461
4173
10438
7090
1424
7749
5145
1933
7829
17701
1691
2936
10446
1080
11270
9049
1146
11325
1650
3861
9224
2281
1941
2075
1166
11171
5298
1289
1364
4870
723
2155
1592
3108
1062
9035
4691
1651
2696
2051
3005
1470
18399
2385
1097
7403
3907
1021
418
1613
1614
1236
655
547
9664
2220
1756
668
4112
559
9121
2529
18701
1128
4267
2557
6035
2681
1592
6776
5786
3162
4654
4575
1311
2904
3445
4315
9964
8520
4962
2323
3551
7242
9869
7319
4059
3073
641
1181
1052
1035
9345
1591
2800
2401
2559
9179
3195
2054
2154
694
19766
2421
3680
1561
1136
1208
7416
5468
1653
1110
1788
1027
1538
2862
5341
1187
3603
1969
1172
6803
4716
8595
2400
1927
8002
3235
1669
1335
1815
7739
1404
7020
2150
915
756
4907
2801
1573
2774
3004
4447
1507
605
14530
4302
5909
2158
5864
5445
5429
3040
3774
6182
1619
2009
1458
10971
1296
3693
6030
4826
9155
6303
1566
1915
5168
5632
2836
2694
1817
10366
5048
1302
3283
2108
1659
1630
3608
11507
1850
2034
1846
9784
9981
1019
2549
10492
2298
2459
2256
3388
11184
21197
3484
1589
1746
10087
2312
1920
10113
1639
10205
10976
10850
5680
10503
2736
2527
1484
917
4258
1593
4286
1471
1620
1004
12335
11318
2358
7143
8113
1293
3356
3255
3738
5904
715
845
13663
2895
4257
660
10034
8721
1181
5237
2784
4105
3658
4951
1988
5376
9357
2131
2160
1724
4134
2143
9599
655
857
1074
1191
9580
4448
1032
13701
2357
7213
2462
6942
4519
1899
10283
8520
1407
4287
7378
719
9814
1297
6676
2541
3456
2438
1666
1289
3369
703
11830
1467
2387
14976
6845
12070
9018
12948
3223
1783
10525
965
2676
1394
1093
5038
1174
4337
8928
12071
1504
7341
1967
4900
11687
11819
3191
2663
10591
1496
4288
15446
3243
7659
6038
8822
5969
515
3974
7076
1380
2388
2287
3570
1440
7165
14933
1258
15232
1248
1146
1788
3968
2343
5897
1787
2192
7597
7920
2448
9005
7333
1258
2543
1435
2824
2477
5013
4528
1089
1525
1365
8317
1547
10383
3836
10241
9844
11454
10286
4254
6047
1537
582
2739
3698
10368
2900
3719
2660
1998
18807
1622
1417
2387
5935
9071
1308
2295
3329
3312
6839
4247
1068
7397
1605
4691
5615
1971
2952
6226
1790
3785
1665
1876
2144
2001
5122
1645
1340
4893
10158
3685
9805
879
1538
5058
952
2213
4439
2405
5887
15865
864
3277
7403
1160
3030
1563
4230
2991
3165
1967
1999
7957
1202
2147
1197
3692
3890
869
5619
2795
4523
1539
1677
2511
11771
14818
2392
1739
1010
2594
1887
1159
3466
1640
4554
3482
8950
5241
1439
931
904
5250
5621
2131
11612
3008
4368
1220
4905
642
1794
2632
1784
3538
2300
10687
1132
2084
824
1378
10259
2402
3189
7289
1950
1392
5487
682
10046
581
6692
1193
6112
1175
3989
4800
1449
870
7367
844
3147
7439
603
1395
1366
7317
4591
2100
1202
3116
9642
2681
4295
2838
10594
1409
3232
1422
3574
10494
1343
9685
1747
17826
1432
4842
1214
2035
3580
9665
6672
3758
18418
2503
861
1595
5134
2780
658
1902
7430
5554
9723
8507
9414
3652
2018
2705
950
3352
1821
5732
2965
6295
778
10383
2466
7341
7753
1002
4391
3185
13611
11115
5473
999
1711
6359
3172
896
2304
1797
916
8526
1302
10140
1313
2202
3790
4086
16211
1104
4310
2857
1178
691
2247
6642
6153
6951
2933
2276
5255
4535
4271
2283
1466
10443
1020
1787
597
895
9838
3631
668
11604
3123
2490
1606
1791
1249
10744
5498
1480
392
2854
4133
4443
1805
1961
4405
6304
8923
2869
9231
2852
1973
2334
1516
7398
10081
13974
1534
1644
2570
2255
864
1042
745
3630
1296
4047
2175
6723
3321
1068
9239
1347
2333
1097
9007
2459
4049
4119
1286
1931
2010
2014
4025
1988
7411
499
2492
1050
2761
1714
1040
2192
6275
884
3178
2172
1542
1706
2133
1553
917
1444
3075
8971
1097
3948
1235
8272
9897
2112
6482
9729
1368
4484
1678
659
1031
989
1931
2973
1524
6313
1877
4075
3065
5984
4187
1240
796
1420
2648
12847
15470
9865
995
5154
2007
3046
3038
1868
3346
2745
2409
1189
2327
1491
7157
2270
9068
6295
8845
3564
1864
7263
1396
4671
1203
1154
1492
1057
5899
6755
894
1377
1986
2952
1085
5602
1264
2127
7274
15387
852
1602
3728
10021
1284
1006
3400
4583
7255
9849
2359
9603
8955
1140
2632
1438
6676
4830
2510
1534
9849
3252
3470
654
5123
1307
1598
13773
578
6988
10044
8292
721
833
749
1836
1476
1818
3110
1285
10826
1483
2683
7645
13129
5662
4418
3484
1327
1839
812
1305
2111
1117
4079
1155
2874
1835
7824
1476
762
15127
6156
2598
520
3250
3253
3001
1105
11449
1092
2619
2262
959
2315
1190
1302
997
951
7056
979
10254
566
1286
2342
1777
1516
6838
4104
2561
11060
2763
1315
4345
5331
3736
6992
800
3632
1006
8873
1751
5493
571
925
12506
2029
3063
11388
849
1420
4297
478
759
2318
12152
12651
11819
5280
1587
3373
7237
2725
4383
4957
9428
1057
9775
2342
3859
1616
1478
1448
2781
5799
2673
4579
4105
5984
892
6231
2552
3594
10012
5138
761
7054
1788
2237
2519
5127
2711
8520
3720
1375
1045
9397
18682
1969
12633
1544
5255
3935
1216
7598
2685
2839
1448
1409
3308
4463
1502
726
691
2155
9481
5303
1704
2265
2933
2307
6616
2266
11141
2348
2011
1341
10668
9858
4204
588
6042
908
