179575
172599
51235
233913
124967
124036
223972
170715
6459
193657
6460
270561
61223
95555
136673
259171
6491
121356
58802
42046
52210
131521
93222
29048
238731
288273
235537
151586
376541
188968
190289
169986
126110
60052
77513
7887
107419
102263
112904
51225
174901
231460
105158
8462
123332
262049
83859
18997
67160
118566
255089
14773
80733
168257
60735
104179
189620
153237
75522
9182
136535
141349
191355
76451
13604
198657
160962
116640
166343
22225
262234
235201
121059
66572
122210
210050
191142
126680
156761
196811
193106
161066
117824
36533
215073
50216
270709
41993
473401
89831
214858
213061
143736
236212
235384
246900
69653
10648
258559
195150
43222
273364
7175
210371
105538
207261
14387
19725
115761
51516
227278
177542
83373
45694
11374
17646
139166
99859
251762
159642
127341
146970
252113
49727
78365
255782
164786
109503
70054
47042
45201
38139
388303
262226
44718
227560
154338
236323
51654
363062
181036
47685
59849
241462
173886
466949
117022
114946
314298
174082
11611
242066
57022
222454
36223
52772
120214
129710
11854
9154
99838
56292
186180
163525
18980
22445
36036
308484
151541
218519
123856
79248
286592
31519
16625
169569
110912
83781
228633
312117
38769
105216
80957
8513
145369
106564
222438
130487
22298
47688
196396
13403
147335
137153
142041
56649
89872
48174
274905
165104
17042
69200
303164
32910
146031
100017
241635
235690
123089
62796
360816
386529
32993
141414
121500
208415
306695
85450
65573
8038
264146
225564
79451
179408
108332
175447
191805
67500
16043
83444
182559
220717
194957
17625
205133
29260
53541
52993
254800
69479
105606
314986
62242
20183
152479
11487
203303
313818
17035
108336
18682
116296
36937
19381
190927
77472
255687
197504
186338
106412
118525
83292
87832
68226
24610
185901
320926
59148
192275
115692
296797
199197
225355
51176
444728
214215
54774
318745
132052
90083
309112
53534
64992
18112
118250
293095
121659
190442
14653
231231
19440
249684
69998
212367
57653
133593
79622
177845
295277
174688
125256
134083
120513
165401
7543
55430
143513
210421
94532
95887
14908
43890
55287
365553
73471
127684
151550
52995
256615
154500
38704
68682
29480
106708
19978
13499
56963
124384
176113
208770
314896
250614
68761
135109
169283
80032
44244
215884
41414
92409
268509
98196
131368
10146
114768
142216
14527
257406
58441
223462
96260
24532
148890
207993
108894
105782
112503
50477
95428
94880
20979
198332
201546
69487
148910
43804
105430
95343
221135
163423
230441
132828
88280
101812
50080
33799
288588
199675
108199
290555
126690
175568
152106
190272
52126
39062
31773
25337
309535
216106
24718
26961
120090
334670
11634
315007
355683
161492
20239
148306
14197
62775
254819
22045
313287
26294
36270
188063
36822
207677
54364
11156
77869
10485
173217
252744
15617
171265
151592
92214
270283
311575
201381
284025
13962
119371
91000
145620
40610
194199
188611
96744
258540
215189
176449
204982
259291
216748
357606
224497
211387
102057
178674
191873
72358
225028
23327
189553
91723
65954
174993
252384
205248
95900
86563
12662
352374
18937
46953
284967
29035
247368
98934
178284
88352
26005
38185
9913
178296
96201
155436
337678
163608
137361
142732
83947
330337
253690
6988
252319
156935
57195
198162
213940
58348
46434
132487
338644
55147
203297
242018
8341
205476
7955
18682
165248
197614
131376
226401
15650
85741
162347
60869
102942
111847
31855
130772
79062
86105
165714
40098
132164
12659
26627
123852
158869
19299
178526
28737
29526
125786
272793
321901
17787
120023
144533
13265
13939
176908
55227
65215
23661
265449
120705
173988
190317
126295
102774
146082
187851
267012
11715
4886
98534
95304
131793
244501
82061
126117
51510
25747
83496
5921
104411
60159
214513
260368
69179
39294
202580
22894
24010
312044
108156
31884
279638
13484
312087
250579
60813
176972
237137
259810
150840
205146
120612
197717
208037
36741
21693
29419
74206
96847
66026
46496
20193
238763
118918
246442
134732
297032
86843
78505
45566
458105
181303
98643
68677
220477
13097
288072
200570
85586
36675
129823
66465
46702
37111
343199
167644
89814
128781
136846
240877
97310
121894
15606
102939
254746
381614
90493
79063
128643
333293
203368
39800
117296
62992
131002
137220
85222
188693
104149
92212
213618
16546
38921
314239
134789
256780
166472
146626
68052
86997
25230
240394
177124
24973
87960
52006
14243
272238
223298
278954
19095
159185
476727
68378
17416
14263
27393
29763
6388
118191
57938
264014
82469
161641
103751
126806
143618
136788
97076
230422
162128
45149
361595
244188
15635
216674
63922
10085
173294
220183
100955
174511
24954
276675
220414
272759
188666
357727
19007
209811
61935
42560
32930
254820
100299
121017
225717
113370
27868
277236
86273
107924
202159
103171
267207
208565
16378
17869
34708
13649
309340
98137
90233
334334
247710
241533
105989
271826
50172
211381
237553
94636
181899
33370
193760
71617
182243
284559
113402
141443
204011
148727
228835
268858
280808
33457
81417
61856
234506
193037
242393
72603
137874
90866
66562
13494
161943
4493
111390
208477
196201
145539
377864
39843
132534
254397
56625
154418
137284
114203
50578
73797
40989
19630
169475
152038
53632
89879
82811
356631
151070
168578
186946
229461
62851
129259
12601
319602
56035
257651
175991
128382
77436
328290
59562
252034
176798
99470
332893
193578
69734
239115
28064
106654
98100
121741
135477
113250
320196
301598
74161
83248
202706
46722
87052
60665
177405
47495
464506
104792
429392
48819
263619
140496
68820
248989
227626
261031
38464
310768
192476
113325
204635
53044
175184
130047
62189
299773
96407
259015
49970
241775
198854
125386
20994
65375
89722
346630
65173
184208
16502
19307
101477
136978
198672
26466
181568
47379
107193
69831
374895
116342
15709
84658
185243
164776
140277
17619
154133
102042
245528
87831
221548
370027
129147
311845
8633
151727
218265
149954
180258
83732
102161
240125
193424
269940
113059
149265
86763
198429
148970
85821
270805
130993
22167
196697
206172
191334
41871
7119
26745
43591
79025
245433
5521
312891
36713
272073
216325
23583
97100
144016
111632
145917
65734
51246
64237
191414
64615
266449
71823
139435
155814
336689
170187
82405
28888
164776
158602
372940
258487
291672
288310
196336
301282
93840
13575
243441
46405
314684
289457
201976
74857
189855
231503
128734
10210
320200
9920
295669
115540
109568
196961
50672
263760
65696
85648
120488
417292
209606
410345
79651
172058
98690
69404
100116
50106
58900
206187
15889
215261
154228
139515
27069
134200
15045
253059
195167
34042
81904
242117
14214
212631
229623
87558
199113
34317
170983
97387
15736
391668
254776
272380
4643
213963
123490
128385
227071
87788
10528
307366
190931
27003
32995
9498
56967
