2579
6431
2745
5901
1925
1049
15982
17228
20211
3872
3784
2574
10801
16875
12244
2616
1910
1203
2851
4538
6019
3296
9952
1718
10834
7111
7245
1612
6984
4025
2960
1019
15693
17527
15056
5145
9621
1914
9543
9213
2105
9807
1276
2856
9984
1982
8998
1776
4847
10202
526
18930
2488
4982
1855
6438
5938
1484
773
4384
10072
5918
7003
4910
7163
5147
5315
2876
3000
9465
1445
1046
9934
11500
1331
14303
10786
5064
10896
9831
9847
2093
1476
4455
5314
3286
1036
7437
2664
2304
12179
2277
3870
1384
13029
1843
8721
3212
5201
10161
12754
812
14081
1860
1107
6704
4640
866
1438
12879
4630
11100
1326
9208
10175
1071
1871
3795
6274
6300
3778
2856
1460
11771
14442
4588
6659
1261
4748
1229
1912
842
2320
4746
11076
1259
11204
10155
1817
1128
4300
1299
10615
4084
2947
2011
1094
17872
3696
1559
1011
2614
3406
2692
6435
2594
12169
8534
2290
8524
4763
7184
27284
20030
1009
9769
2940
1697
6176
1776
4577
7088
12276
2260
9760
9857
10889
19841
5923
8193
3257
1997
854
8458
8371
2475
10091
1135
10577
5037
4914
1645
937
925
9454
2149
865
23041
2894
10809
3831
1950
709
3852
9351
10919
2355
6742
4162
7500
3965
1329
10409
7657
1104
1509
14362
8667
17325
9389
3331
4487
1098
11470
10084
9919
11444
3704
2631
3690
2475
1860
18819
2234
9773
10242
6118
21841
11130
8362
980
2538
2964
1219
2697
1673
22647
2846
1251
1721
5650
1795
2177
1717
4867
8331
1754
16806
12366
5209
2534
1316
8319
6091
1854
6195
8553
1263
3566
6423
15079
5273
6096
1809
2378
1612
13559
9554
20276
8867
5658
3426
6376
668
17807
4096
8175
909
3358
8605
6941
8440
9571
9036
9806
13611
1064
2009
10655
2515
13916
4942
11028
9103
2873
12348
9802
10360
19003
5430
10133
7780
1732
3046
2134
2987
642
15359
9510
1237
1178
1984
12816
5926
2491
11785
1328
4706
14269
2212
12835
9144
2701
9898
11722
2914
2853
7483
10720
645
9191
1022
29877
14153
832
11727
10231
1675
3586
17782
1969
3280
15278
929
12392
7392
1790
18124
9900
1961
23264
15001
12982
2995
2489
12338
1696
2136
1867
742
21937
20725
4204
12574
7024
1859
2419
15244
6267
18688
1954
15874
9137
13167
7573
5196
15062
1350
2613
9496
4395
12303
2071
3741
14630
5826
2227
9145
15141
7698
18223
11983
1866
3062
5563
19310
6717
955
13233
11461
9996
2243
9116
9206
2047
3468
1627
4455
13780
1438
6447
9532
8589
868
6896
1614
2743
8931
14178
11701
19489
1754
3665
4598
11989
9878
1593
4681
2272
1690
20022
2417
6207
1035
12048
13847
1360
5045
9443
3432
6864
3264
7552
5721
9227
8336
12096
2979
2153
5345
15204
11167
9156
4892
6608
9098
9220
2867
14666
8371
9243
12293
7903
19830
11164
7422
1606
16455
1380
5065
9087
4122
11198
3439
11063
14709
1190
10179
5467
5127
4642
8566
1722
9452
6102
1559
2904
649
6884
17409
18686
2987
19150
2397
13135
9074
3158
627
2794
2471
6471
1169
2176
9525
2566
4935
19940
7332
1236
14173
9278
2051
7291
743
8722
2325
6935
1018
2881
3652
2654
4908
11583
10571
2807
8855
1991
1778
393
4682
873
12289
5984
9729
3543
1230
2080
15851
13497
1726
6934
18838
13421
2746
14351
10334
8211
10039
5167
3879
9639
867
5537
1762
3252
7568
2092
6522
789
3604
1273
1335
5261
9144
790
611
9654
3912
11168
5889
14918
1909
11324
5626
1211
6090
5539
2002
7299
1375
9503
3318
1977
5065
4943
5114
6829
1158
8323
2781
668
5334
9062
2370
3265
4302
7248
5891
1019
6663
2342
6540
1296
9400
10935
9990
2706
1634
2076
2617
1153
18920
15547
9465
5075
2857
2457
10955
11991
1598
9873
17357
10488
5796
11800
9533
961
6414
1062
8656
8517
9446
1341
1480
9619
8915
8474
3144
12062
16114
7881
19065
9868
21455
1511
4101
17778
1182
9472
6966
4896
18281
564
11525
19078
1852
1230
1390
4466
1959
8050
13905
1250
18750
2871
743
3291
6749
6760
15902
7652
1730
3020
2690
2228
5677
2789
9175
2156
6398
12459
10301
17234
9890
3437
5216
594
16096
26604
1412
1898
18896
4153
1524
13369
5623
1072
3396
12118
1132
2437
7462
8053
3121
11523
1536
2093
11685
5089
10117
4442
5929
4566
1365
3677
17522
2021
9306
10724
985
4632
6928
11378
6886
11298
2608
4166
3879
11122
6039
5758
1783
4704
4072
17516
3401
1654
4526
12007
10795
10682
857
4277
1226
10521
8444
3309
11714
10280
3985
6424
22644
5185
14972
4415
3480
1138
5824
15693
16631
1708
4086
3449
17791
17778
12179
18245
9886
13620
10256
7723
8092
2235
11969
848
9840
1232
1110
3128
736
2393
14217
2064
6508
8240
5843
1647
1495
3675
6158
9949
1678
1915
11674
18246
7537
6080
9992
8847
4415
934
13382
11303
1346
1161
14652
9223
9341
24584
18641
3910
8577
4713
4785
2659
10104
7243
9340
3781
8092
7040
1636
8568
8429
3032
1712
8084
10139
1502
2623
2629
6257
14508
14615
6261
11497
9436
6062
794
1418
2446
4432
9630
1513
6034
6396
2917
18540
15523
8184
2990
2542
3988
1220
8836
9982
1524
2108
2759
3066
7812
1189
10115
19338
1599
3483
13278
1431
2945
3910
15209
16512
7716
4198
3855
5290
16015
7209
849
10006
9160
2208
4052
10488
1508
1734
11460
1087
2294
6778
1361
5196
909
9949
2987
10227
19054
8073
12321
1963
1534
1894
5610
2515
3213
9092
11332
2697
14466
2182
3275
9986
10986
14695
7614
10185
8428
1091
6338
4528
11240
1922
3912
10471
8194
1469
9953
6692
6646
2647
4307
9843
3300
6645
8731
9318
11456
918
7746
5850
8995
15248
10118
9736
18257
1888
6703
6010
9252
1626
23481
10181
3282
3942
5267
2867
10334
1222
1893
1650
1211
5895
1000
1303
5991
11800
2363
4048
1802
14660
2596
3359
786
1190
4448
2289
1173
8524
5553
6857
1569
10030
16293
1746
1660
13995
3990
3919
3251
10197
