2211
1968
919
814
2752
1299
3369
9739
2222
638
1229
1181
1390
521
722
772
2845
2011
1052
3181
2047
561
3017
1004
9845
2251
2386
1492
1665
717
889
1598
1869
1154
3932
1602
1175
708
1544
1458
1068
2571
9215
3741
599
1499
1928
725
1232
939
3975
1647
1366
2268
1690
2721
892
1507
1729
2008
768
3628
1796
1389
1001
9133
2304
880
1385
1581
8486
2024
1577
1343
1644
3078
1896
1114
1669
2010
2213
536
1328
2048
4593
1942
1236
1064
976
7114
1707
5497
1725
774
3114
3762
1347
3316
4382
2368
1201
1762
6037
2057
2218
2725
1952
3422
2870
1500
2530
9127
800
967
1365
748
1157
1555
1124
10257
2629
1186
983
1431
1254
6692
1742
1401
4576
3962
1287
1435
1334
2393
802
1158
1004
3367
2056
891
1577
4656
3052
1371
818
2083
1865
3243
974
1037
927
928
1526
4353
5854
820
1503
2194
1867
5826
929
2123
1884
2306
1293
10236
1360
1317
780
1898
1417
897
851
1643
2565
1900
2046
1031
850
1142
5228
729
1783
1260
1841
879
1862
1618
3031
3828
3484
2106
1441
799
1569
469
2838
2628
1504
1794
1227
730
2628
938
1215
1203
4801
2182
442
576
1796
1597
1406
1134
2040
2526
1468
4813
1995
1802
2271
2546
801
1336
1465
1477
2364
1046
1593
1781
812
433
530
1956
1845
1730
2285
813
916
597
2187
1599
552
1432
758
4663
1039
2991
4314
1488
957
1201
4016
1351
751
1310
8098
2782
9826
917
2376
1241
1913
1999
1803
4318
1716
3286
1038
2847
1850
3166
10624
3148
1491
13385
3991
1760
3480
2598
3670
2818
1620
1519
6548
2195
5840
2262
4444
3816
1112
1141
871
1409
802
1263
870
1641
956
2095
8084
1696
9253
1195
1315
1740
909
1322
2062
873
10466
833
3022
2020
1768
4044
3707
889
1532
1843
448
2129
4957
1011
3287
2231
8476
999
1865
1481
1720
3751
1518
600
2437
898
714
1827
829
480
1192
1684
1634
1012
3070
1461
1872
3161
977
614
3612
1958
695
1067
407
8924
790
4040
1328
2065
761
2260
3259
1691
6910
826
1435
5210
1166
1863
4971
942
2274
6050
1068
1683
3296
8671
1053
10751
5588
1117
2535
1720
672
1333
3100
3045
11511
880
3181
1839
1735
1280
874
1453
6575
1254
1689
705
1200
957
1043
987
1961
2051
1175
957
5789
1020
1287
1403
695
4872
2132
517
2752
1742
2678
1818
7864
3354
2413
1020
2623
1237
828
1108
4425
876
1033
3466
1295
8024
1721
1691
1970
2203
7627
2779
709
6293
1254
1116
7417
1417
1401
984
1549
868
1890
1417
1090
1284
2725
1272
950
7100
903
1149
9162
5630
4867
1059
1741
2241
644
1454
914
7227
1988
1908
2806
706
3056
3121
1686
8400
616
1243
4910
7488
1313
1718
1544
3214
1495
8890
2783
2202
3185
3784
6600
2262
2297
1316
676
4771
1328
2560
1041
2900
2252
1918
7281
3242
1145
9151
1187
731
4739
738
925
6787
1456
1615
1170
1520
1367
910
1790
923
1499
3317
1732
1034
1870
2232
9565
2532
2067
1282
907
981
1691
1060
904
2624
1856
1312
1705
1490
2048
2232
8715
1385
935
3858
1275
1761
2814
2845
917
2895
2645
692
622
991
1354
836
3007
1503
893
3249
1168
8515
1541
7519
9071
6541
772
1076
817
2976
996
577
758
1689
2553
658
1410
1797
1226
1546
3008
690
1003
2588
4840
4353
1334
2137
1521
1556
2192
3983
1160
847
498
672
1307
1172
9896
1821
2651
3998
2104
3050
3284
1854
1640
2069
1002
517
905
1536
1017
1785
5155
1967
1161
877
1942
1617
1834
3238
1608
4562
1380
1603
2733
1338
898
2153
5551
3785
5079
775
1391
2587
678
1067
1204
936
1100
534
3684
2078
4839
494
909
1369
3495
1533
531
2514
6314
1397
886
4489
4006
1269
2723
752
1061
1536
1554
2156
1471
1541
2180
733
2138
2084
2084
1525
684
907
2301
2903
1680
1589
1185
1452
5840
4584
1929
1611
936
3000
3828
1604
1942
2429
933
2117
1909
1054
717
1132
2434
2785
786
1454
741
884
1349
1112
1275
2121
2493
1598
3201
1873
2287
2026
1510
1121
9538
1257
5254
1211
1412
3273
1491
1328
2826
1879
1715
772
1248
1770
1312
1498
803
1095
943
3700
1468
2916
1174
1062
769
1122
1975
1246
872
785
1510
4958
1656
3037
952
1572
3850
7312
5957
1910
2287
1128
388
998
732
1726
1898
747
2730
650
4020
8542
2257
8923
1956
1600
4143
1182
4443
1869
8189
811
1587
443
2925
2285
1266
1078
7879
1499
1783
825
1277
960
1027
3446
1320
2422
1432
1003
1037
1442
2188
9763
3442
1288
1385
2333
2526
2454
722
1818
1644
1061
1982
1468
2414
1624
1839
1310
1045
1243
8812
2540
1438
824
1212
2046
1852
1478
1154
1261
1156
1751
1003
1356
805
1053
2022
1062
1258
951
1084
977
2021
1047
1370
1098
868
1202
9452
1147
1512
702
2101
1811
2204
1569
10670
1268
1719
3510
2061
1465
2517
1399
1482
1250
9295
1832
1037
3934
5047
10011
1949
1251
1712
9715
826
2944
612
11206
2513
7504
2478
493
955
1313
2283
4303
2708
3837
714
1323
1050
2998
3649
1230
1144
774
2232
2127
1171
5246
641
1806
1526
1434
9534
1159
1437
2005
688
993
1138
3010
1606
821
1191
618
1336
2818
885
4938
695
1123
861
2397
771
2223
1293
965
10207
1007
524
1011
1066
4347
1420
1752
1857
2302
3011
1157
775
2433
9988
996
1899
4821
4632
1186
2151
9170
3833
9494
3747
1908
1122
880
7549
1344
4936
608
9245
1325
2903
1386
1378
2557
1670
1012
2731
4164
1657
1695
2075
1955
2065
5522
1493
858
2169
766
1736
1559
1006
872
1443
853
4607
1877
4175
619
1998
4807
1776
1142
836
1898
8048
2355
