57406
165352
98890
100430
79249
78972
142906
118137
12046
164425
60707
237648
59835
101389
51407
116207
101524
109082
7367
112435
68620
34977
58968
187812
105082
74918
125572
125377
170329
124232
120430
53509
58852
99597
28750
186621
133349
15087
32166
102585
164321
97765
78431
23381
167371
80439
59340
106898
61193
79349
130879
3754
107384
97896
23201
19199
111879
24457
79826
106323
54412
92819
87874
76680
170698
108407
53698
62808
30058
135891
141695
112731
123064
57296
56208
156630
11460
20840
21373
17983
49505
57304
96677
39720
52054
3735
92666
47560
118121
88501
106614
35189
40315
85444
49888
99215
24930
143308
67733
32076
64930
102916
34815
59733
134840
92969
114801
125802
82407
33005
118515
63458
46260
72614
73808
17772
4189
58612
83231
40289
51059
54123
110413
53381
101476
7665
80941
91348
90223
2869
49258
57042
16849
94849
108858
151424
74886
123579
68245
96375
25417
62528
54246
158396
72504
32752
6500
102104
122600
94571
63619
62315
16548
55955
121211
77530
107334
99300
107040
94579
33719
56146
63332
135484
130789
30741
10690
54755
47291
101236
10834
26947
4929
13951
85335
87381
126722
38452
53066
88161
63308
76512
118059
132039
70880
81747
47726
166752
179066
54408
123929
126225
82381
52833
142476
56082
65840
161701
31282
163672
95746
97461
83031
121591
109047
84308
25426
17669
4250
139462
111911
98086
84001
4433
134969
169606
41848
154573
172964
42260
68082
104241
170727
36575
72725
158420
8058
83893
100646
163537
67614
114109
29507
42133
68089
112317
95963
60608
120831
42859
89477
10696
40163
55744
5385
108845
70135
86264
39296
130774
111179
106617
44377
59200
122223
60747
10539
56104
122709
56670
85522
117627
83733
91573
93973
30853
93296
70439
71954
59638
39398
73856
7977
81863
60409
49466
48406
88235
50922
68609
239968
58755
17728
118770
148673
138258
56212
70359
137132
149168
198209
99930
50079
93333
211379
165717
72955
15271
147711
70632
69241
78046
38091
74879
85653
56187
150739
44071
10663
103570
91821
33205
72983
35119
23311
57484
135569
147221
5720
120290
64650
83693
104911
70975
148063
65512
130020
54624
1473
62774
99191
64017
64058
93119
44867
124390
66845
99919
68503
99254
139793
61031
77037
104331
54444
107282
51708
120175
134188
35159
74910
139287
54079
125051
13557
170077
23887
22670
177729
53142
35736
88005
6147
74908
99936
34400
138459
75845
161823
104898
32148
94693
81942
125930
78809
52069
41739
124611
54385
147531
139785
35912
25154
38550
95889
51630
29001
85997
31248
24170
6569
183045
95048
92136
24194
120564
70041
44041
125763
112705
97624
54219
110976
174102
99935
17659
72541
99718
16476
70450
22299
141540
128429
139920
36136
14243
130338
106062
125444
66879
54076
65702
32050
118660
73931
126073
95755
108944
157088
120007
66916
104542
13285
26599
22274
75454
103807
72081
70443
96094
4001
106885
145260
53560
95519
64148
164216
24187
69391
50319
54738
90555
77246
78298
70384
28323
99106
52590
56627
83705
6296
118185
122374
55106
8732
10223
90534
55070
10972
76437
136093
127183
38701
101244
4170
23878
39763
121380
18478
78602
44196
7244
60739
83435
110067
114595
26214
100253
63296
75795
11948
61780
18105
52576
65921
8339
163625
67228
148159
64086
125582
48120
62657
14313
85694
107187
99485
96741
106251
102050
93236
36478
8746
88413
41890
78006
45220
119217
54435
85779
33412
135779
96278
6398
11490
103909
88760
137633
59674
80411
4206
110502
92187
68958
170860
227790
25214
6427
60605
61374
171634
74207
88683
150518
133951
6568
102399
70673
38010
66434
100635
109277
59360
163491
183255
51400
32459
5825
21581
58829
29412
46942
79996
53120
51921
51658
28979
133833
159879
19789
81546
81266
22225
102160
16880
62281
69060
42270
18516
7891
54286
96318
74698
29841
33074
60293
54517
103978
85231
127041
10563
43609
63819
61831
98481
42407
36005
97782
23061
115976
55248
149158
58341
120936
184496
13035
159560
156396
96650
26192
58419
54753
123557
67821
55422
145379
154337
100508
131097
35161
88616
20381
51955
52168
107639
27478
140091
86393
128834
59103
60513
128724
60600
56414
99907
14195
57077
96705
56725
91029
54577
76385
2704
72194
32666
127568
50956
109469
65471
100770
34201
44569
117318
96740
12713
132319
187210
59381
9915
156400
58092
51617
78829
104601
91048
37756
65778
128438
161514
99365
75287
109992
78652
108781
48784
122419
13196
52612
80746
6346
110929
74882
31617
96857
10366
72355
49282
85297
139062
120547
5643
61824
82061
82906
128277
86424
166343
93220
117917
124816
119908
117398
99967
218966
199535
41251
36939
70021
97741
104705
130662
70636
86816
87042
35985
16802
65794
89060
83577
18982
27220
55518
65866
3553
153629
57449
51087
48499
130874
121226
122195
140877
121963
37430
40039
84441
73574
34835
43985
55281
20297
53979
158994
88938
82704
80094
24429
38536
96611
142446
116308
82410
72473
105488
68129
108582
38997
129242
171083
9155
67157
143523
154149
129112
53502
64957
135427
79006
50124
65578
42780
49052
79962
89287
86101
92532
140227
42847
130526
37761
50017
58862
59601
51007
41781
125947
55873
188802
156014
89363
95481
77410
84158
15094
119148
51150
46089
29864
62808
107007
48751
145957
24267
17065
110263
100501
48125
116203
60323
16874
81607
156097
33181
166474
56533
65426
56410
159121
124360
12112
116905
85465
57528
161278
42678
50592
115810
189449
84416
77589
109604
64149
65756
178606
56238
40843
14434
155553
147494
197570
102104
102274
27035
109116
68872
161825
174652
78712
55669
57447
67161
78838
68547
5389
51999
66233
60819
7743
98272
45705
84404
38025
150633
125855
62072
20199
33333
157084
87736
9972
165857
183302
43186
45370
69620
55435
95666
86703
12219
110405
16400
143327
34236
67047
136704
13345
33522
118484
52702
20142
69921
24406
68736
44238
97742
6661
89147
134557
30606
88233
68073
84553
42959
57140
97950
78160
24982
86760
90887
148952
85753
62235
107637
70439
1621
144457
95148
81321
35220
86576
114045
180833
18794
88017
115593
69592
102333
54233
67348
27962
106306
114643
167159
26430
52405
38086
44836
156540
38519
14961
44790
48238
9657
31698
61343
54316
88857
90602
150513
112194
152463
63388
58044
133204
161055
113328
110780
34706
94698
42508
124517
59771
62686
6157
58874
123634
126549
91763
191354
34263
77692
16416
57525
86542
144548
78752
83566
64159
182622
152787
9335
46833
230888
164744
66670
148554
103654
65338
29505
33935
41630
52449
24345
33681
113747
4887
77110
97439
23832
146977
