2725
3537
3716
1424
1146
1774
1554
4481
4811
4340
3068
2123
4739
9422
1526
753
2026
1702
9288
2986
9485
6327
1721
1415
796
763
1325
1975
961
2226
868
2882
1346
2468
2426
1358
1849
1677
2841
5863
8384
2173
1818
1188
1369
1067
2428
3103
3189
2391
1834
3030
1725
3517
2532
2577
1846
6964
1453
885
7039
3694
3806
3534
1249
1102
2099
1957
802
1138
1496
1232
707
4548
1361
1677
9332
5510
1954
2244
1524
1263
1577
2775
1226
833
8009
1488
2982
10348
1724
1246
3804
1288
3958
2005
1146
5645
1191
2295
1638
1621
2440
1629
1078
839
15941
1029
9376
3257
1893
2045
1218
1368
1703
10120
1620
2145
518
3655
4092
926
867
6042
3474
928
1405
1219
1485
1076
760
3382
1063
5561
762
1662
4518
1782
1086
1422
5616
2984
1157
2340
779
1717
2117
3366
4960
1222
2209
1995
10750
7568
13769
2615
1946
4148
1019
1379
6331
2517
1565
2601
692
1267
3462
10597
874
1112
3576
1687
2652
9053
2103
13032
993
3226
8797
1209
2989
4411
2174
1392
1018
2545
1073
5390
1161
2313
1130
1268
1169
1108
955
1304
3809
10351
1523
5272
1064
2405
2462
1715
1030
8752
8554
2001
5507
2322
2902
1920
2787
6314
2307
2040
645
669
4053
3103
2532
912
1260
2684
2336
1311
2080
1131
1710
1870
1377
10408
10150
1326
1176
955
4941
8133
8301
2379
2337
10123
995
1224
3266
6124
1463
9709
1772
1619
1169
2452
2043
9975
3641
846
1485
2126
962
4263
2036
9261
1715
3601
1560
1029
1400
7676
2133
2010
9397
2460
970
3365
2629
1034
847
1624
4790
958
3602
2106
2367
1360
1320
1885
8582
1333
1563
1970
2518
1324
7561
1739
1473
2559
5868
846
1049
1249
1067
1336
1948
11529
1220
10347
1994
2318
2053
4134
2201
3249
8297
10120
1633
687
9355
12394
1925
1733
3841
689
1150
1325
1282
2325
3261
1931
11502
3172
2433
924
690
4092
6151
2565
6065
9626
1754
1014
1194
2555
710
2028
1042
497
2907
1491
7099
8010
1425
899
1226
7368
1945
1882
1967
5362
1326
10255
2148
1746
873
5332
4494
1620
5320
1564
2714
2103
8353
917
891
3387
1573
9944
4472
1455
2956
3306
1171
840
1455
1886
667
3687
1516
4184
1009
2958
3381
1136
1519
11565
1081
4434
3221
1159
708
1652
862
9992
952
875
7291
1150
923
4274
1429
1388
1300
1594
1301
2162
969
1030
531
1702
817
931
978
5190
7429
973
2763
973
7638
4653
2286
1078
1171
1062
2848
568
952
1945
9020
6699
819
2821
2536
4507
605
5037
938
1358
12191
1150
6979
1002
1299
574
1370
1006
3028
3035
1342
1390
2142
1833
1710
5270
2449
1485
5284
1977
749
1143
1753
4672
12482
1058
1836
2322
10010
1751
2336
7789
1289
2179
2716
919
1228
1945
1996
1047
12570
1270
2010
1003
1046
2137
2000
1202
800
10971
1801
1163
4863
2826
7218
1232
3102
1159
888
4350
1086
3169
2915
1933
1298
1258
1838
2127
1642
7512
1938
13283
856
3335
4162
1597
10867
2315
2064
1921
789
2214
2296
1148
3795
2212
17305
984
1122
3102
1516
368
1062
4039
3815
7894
4871
547
8153
976
4969
991
2244
1241
955
9550
520
2282
1887
4865
5374
8298
2447
10340
2517
980
5810
1390
6805
897
1510
737
1938
10223
985
1252
2871
1522
7549
6058
4145
1599
1381
2404
1136
7601
9359
1224
4596
778
2846
1441
797
4110
1047
1487
1325
603
8395
935
5184
1589
636
2629
2391
2495
1823
9486
18433
4588
2352
1547
1785
1159
1088
1027
1220
3540
1800
7142
10009
753
1025
1873
843
1487
5574
1680
3201
4418
7552
3687
6427
6476
928
1825
1227
1993
3548
2298
793
2438
6685
963
6051
1388
2511
4317
633
1563
976
2485
1319
661
733
2858
2411
4255
668
3259
1285
6880
4549
5224
1358
1738
857
9176
728
1531
1894
1156
1040
4463
644
2132
1661
1465
1202
2469
3563
1024
10383
1431
4079
1071
650
1351
869
4880
2530
2328
2376
1268
1717
1102
1859
2432
2867
1341
1484
2433
1496
1201
1386
986
9539
4751
1444
1316
1193
1619
672
8010
9258
837
5626
2124
2646
2468
1618
6903
589
6786
812
7485
2677
1014
6218
3204
1021
2865
1217
2049
2533
1660
3549
627
1459
702
2843
7623
2560
2251
1268
7077
1951
2145
1117
1445
754
1233
861
943
816
1321
627
3042
9296
1202
4474
2772
3402
3818
1921
1728
1996
966
2072
1552
2125
3423
4858
830
1730
4207
1640
1584
912
1983
417
9893
3881
2823
6012
742
995
1767
3569
1278
1981
5765
2833
1868
2682
8886
1113
2793
2223
1890
2135
5097
1087
2949
801
9229
711
849
929
2638
2707
1937
791
5531
1334
1461
1452
2566
6528
5544
4103
1064
2154
1134
2142
792
1048
3758
5643
1132
1827
1012
2086
2284
1148
1348
1150
4159
2408
1527
3082
1221
1744
4544
875
2553
1909
1739
1402
1260
2770
2393
900
2518
3753
1753
1349
7945
6740
1365
1275
1869
10277
1279
10163
2880
847
2893
1395
1504
3651
3596
497
1247
1149
1117
9309
1486
1238
2292
674
6712
2019
1292
4876
4955
1500
4819
2075
1635
625
3460
2387
4780
1511
1311
1053
4189
4976
1324
6149
10016
2440
1717
2665
1537
1289
3682
1775
2480
3111
474
1191
10975
4075
2909
7231
1169
1267
1136
2005
759
4409
2677
4293
4813
1678
1092
4640
2143
1246
1698
2435
1781
1893
1014
932
676
979
1713
2863
2776
3096
2292
1150
1675
1030
1325
3891
1221
809
10107
2912
7104
5647
2199
1257
1370
1685
1073
10027
1111
2246
10497
1527
2350
5078
1172
5047
3052
898
838
10363
2631
1069
7416
4295
5517
1424
3486
884
3217
2439
1534
1397
12839
3553
1810
7769
2301
1464
577
2094
5703
10424
698
7005
2103
1292
9530
3127
1678
11816
860
