990146
954259
1810029
1476694
1152615
785980
393207
1248878
2151096
1225549
988844
2056934
2010261
303694
2404197
1826390
487450
1264539
1443187
1178829
911176
1556868
561480
1273789
1947456
1043626
2983537
714362
717396
1044651
1663549
1338826
811176
782855
1241147
1735729
303751
1305662
749895
2424476
594130
1612875
1450389
1012473
1960956
1005583
1189633
1702075
1188804
868417
2019630
569460
1179895
1458619
458311
611522
1640200
2354943
1382677
1032396
1301145
693446
931542
1733494
435235
1568354
1910914
930471
1718605
591673
1686260
1920181
1637537
1113510
2087046
802485
652944
2076152
1515531
1121004
1263260
896022
1718180
606586
744806
1473609
1036405
1016192
323633
695414
734234
1182503
2036421
2286923
1222649
1753934
1495182
1318487
591721
968213
1720832
1712624
447755
1099017
1187106
554593
836333
787715
1263276
1392715
1049534
868290
1547038
1379923
759366
751608
495507
820942
2142135
1442339
915023
1868187
2048917
271399
973952
2672724
1376379
977909
1297476
329694
986752
771013
624526
2214705
1133442
1119471
1636246
1442436
409188
1414745
1127565
1684528
1588906
1440061
1343033
1105364
1073282
1113166
688101
1342326
1331774
1513967
1920659
1909369
745694
458667
1322187
1055502
1697730
1608551
1381034
1178289
866923
765891
1041077
1227775
128307
1570495
1402588
1199303
1259755
1763877
1548953
1932823
1067762
1073856
1061810
1224982
1420479
432500
1548234
2028076
2022885
361797
678254
1764312
472208
848102
1182154
823117
554816
1147018
1129418
957547
1154831
2148197
1594544
612375
2317192
1887959
1683502
2043723
1566724
1253988
1073616
842935
2151464
1717413
823291
676585
1249153
1040758
1472889
824732
952852
84507
1750722
1191604
540975
1406604
967520
1415996
1862971
929725
325676
379683
1445102
139952
1322228
1191561
1067662
1891080
708487
2315523
782560
1256462
918897
1010160
2162952
900970
1460142
1720762
514771
1099604
1599281
1929466
1305923
859798
1191167
1801511
1897084
2051283
1862050
851641
2347954
1600494
1918294
1392707
767819
2082811
1234047
1374953
1356913
1010139
1074918
1329853
1815998
1830120
853685
1268707
1368804
1509178
1060526
1708588
1035795
659231
879504
1898335
2498142
1652818
886663
686545
1347745
1862529
1110378
1117333
830652
1788779
521974
1834303
852955
769198
733467
921126
623258
583883
440265
1069862
1856449
1453852
1246803
341673
1017931
755754
1473395
1616261
375061
950839
1364957
2196831
1159138
1074115
1667240
1121997
1380804
255869
1071421
1213474
660144
1079288
1289763
1392272
1062330
1056618
2076420
824515
1815197
1143589
1082108
1020104
751308
1221871
405167
881046
915730
120031
822496
1561674
474471
496723
1186799
1069276
1262692
1920717
2398861
199979
2222362
1210650
979468
525072
1579580
1609325
824498
556045
1468130
1313795
1294787
1736827
877293
1608445
1229031
1478310
1787851
1162215
833430
2847060
840440
1046806
1177123
993059
1704929
281122
1988375
1668379
1192153
2164412
1381177
1491229
1902418
1875292
1111496
725449
1202819
1003879
1414993
1816344
812463
197328
2617907
1540719
810496
1962417
1676244
819025
709073
1532435
1009567
406647
1341673
1265747
311617
1076731
1104621
755529
1064207
1920626
553662
697103
597401
2163201
1159496
751905
1429405
1092848
989672
776104
707764
2204790
1730844
1947273
1507857
1228004
1349397
1591369
1503918
1027309
1515478
2581590
331618
806665
1575686
1753440
909778
1448759
602804
938381
1301843
700895
921842
990280
1003710
1420677
895930
1408512
948713
1359474
1411743
1041218
1272819
1281793
933819
940538
2126718
388919
176836
1571557
1610928
799745
1817308
1919352
593341
2581047
1218027
1243753
1630445
335036
609089
2937247
858603
714572
1183130
701822
1063286
1274250
1735722
554372
616881
692179
1079515
1533557
1498300
1122926
1767391
1644262
2054713
678818
870372
493203
1280381
1115615
758454
898505
2044993
1647325
743445
1981552
874919
573181
1525319
1630283
803202
464955
754011
1195953
998611
1354317
1168850
998696
1017642
1455436
1175311
635749
564975
1351772
1650601
1368718
1553977
888338
966693
1878921
1079331
574458
372909
1345323
1191147
1087923
1609636
833487
1276625
1892388
1101256
2502636
1144035
1704109
1490845
730990
719699
2107341
954658
1646529
1320447
1578170
1449301
523670
1081618
1191397
1190616
1424918
1408849
290996
618716
673049
985494
1144133
562108
2219136
2392363
1527638
1386259
773006
840691
1115370
1479723
386735
1286453
1295761
1372468
1151233
1278868
2257240
1643007
1420767
2313949
232303
2177515
1021531
677218
610353
902611
1825131
961295
625302
649324
222666
610813
1480988
544707
1088020
593113
1384537
1211912
670094
1673556
2044951
1552790
1510155
1191735
1219657
1608756
947706
945519
1335779
1903368
1406561
1302058
1038661
1015690
1241599
1350921
1912114
1787519
2402250
897709
2042211
1719178
1099214
984187
1296502
1612109
2264994
2113336
2129392
1793254
1414566
1100830
1303719
1053168
1161107
2177749
2023837
669959
1232409
1069119
1299029
1267943
979283
2591573
1864806
1818988
2163164
2492695
1444388
612491
1030816
955625
1781138
811924
2041437
2320889
751660
1105875
1240650
752794
1443098
809269
1129146
1457307
1228175
1906879
1491483
1175165
822278
1159119
1101883
1567930
1368772
1125512
1664986
1118016
1379731
916057
1202536
1041601
510482
1942406
1458063
1035904
1454838
1483530
392718
1088406
1120693
2114319
1022239
1729832
1031637
1206126
1470591
1238692
784601
1110312
2046561
1584580
885505
393698
951209
1099369
936701
1520343
1512555
965550
1527283
923817
558796
2020080
239885
960123
2001693
1238914
1503773
601721
1220860
2536014
1043841
735272
1141760
591252
769262
2433841
2117272
359006
863161
1133428
437443
900126
1391113
1391142
1688655
1665550
1289282
1964716
2335594
1309872
830287
2290440
661074
1563317
1668785
950733
685687
1371750
1441935
1976662
1239759
1348686
1792786
2000698
1912768
989028
2029957
1423042
1377952
1544154
1836386
1066624
721681
1063742
923072
1340432
1562806
1116819
1280504
1218617
1846993
874301
679194
1267269
1171933
1018725
1263200
776383
1741408
1461208
2144903
1737078
875115
921877
1334920
1279581
1476339
665433
1123567
1934936
284262
541949
1393400
2192336
2872537
1608343
924408
1437852
1152766
1839942
1510152
1270983
1565804
1026293
1677095
290836
548942
1929912
2005051
1035739
313061
1247566
1798912
766759
2094020
570046
1306736
2017275
1660090
1910914
1535278
330289
1136137
2407128
690662
1652659
2906973
1794045
612689
2722990
1021132
2486556
1191762
1278468
1694110
1538251
1592977
1544977
1092170
1042851
1019826
1895072
1148100
1694404
1242236
1262163
1026386
2295113
1288315
387881
989963
1444352
887826
1785796
1115272
1896334
965640
864069
2015228
1214839
1407112
1111174
1758672
1655640
1564854
1288600
2455976
1251568
1925758
1569111
1078735
1550958
1800790
853699
1596609
2146410
1466029
1332917
2108719
650043
582487
527099
2264029
406918
1029235
648937
1341644
1644723
3299368
1621907
1017728
768022
1366682
889278
1656484
750496
535413
1316954
1463338
2034085
1267605
2026729
1367573
1195142
2165065
1891094
1106982
1462018
1063908
804622
729434
543723
997518
1046138
1319504
1403144
2037120
2059338
1004486
1114957
1494398
745453
885809
1378143
2200812
1352377
1290601
284740
1027916
767453
1884822
1573073
808728
970516
1658806
1070283
912971
549963
940948
669455
1185655
1173402
625970
1176058
1481729
399873
1558213
1923277
277033
1074463
428053
1233363
2356021
1424924
1475387
682034
675562
1577226
1340714
1418175
1683931
1732809
1729868
1970047
2237287
822393
2349930
1755375
2318782
782666
953455
555889
1131552
1405304
1053862
1057350
1606829
715786
970494
1607025
1778380
1120213
1306987
568693
2706499
2131592
1124025
548861
1336652
1217018
692962
864486
1023603
2096946
1689941
1485649
585166
1148014
2053640
853279
1652801
1036404
712552
759210
1249532
97983
377455
